Unnamed: 0,open,high,low,close,volume,fut_close,fut_oi,total_call_oi,total_put_oi,max_call_strike,max_put_strike,fut_oi_change,total_opt_oi,total_opt_oi_change,ret,logret,rv_30,atr14,ema5,ema15,mom30,put_call_ratio_oi,total_oi,total_oi_change,opt_skew_proxy,vol_60,regime,regime_label,Unnamed: 0,y_true,y_pred,timestamp,residual,anomaly_score,is_anomaly
2025-10-24 06:43:46.418223,18013.596414616077,18020.886344344435,17986.36997268815,17995.548030664646,2220,17990.468209359755,92671,406400,319900,16200,17250,0.0,726300,0.0,0.0,0.0,0.0041259007044369,0.0,17995.548030664646,17995.548030664646,-0.0087777071801486,0.7871555118110236,726300,0.0,-1050,0.0013206901331044,2,SIDEWAYS,0.0,0.0012506792860673,0.0017812335,0,17995.546249431147,0.697282427416525,False
2025-10-24 06:48:46.418223,18010.040945530487,18024.38076678608,18006.77093761659,18015.762897901284,3130,18021.4101065461,100968,396700,314200,19050,16500,8297.0,710900,-15400.0,0.0011233260138669,0.0011226955552956,0.0041259007044369,0.0,18002.28631974353,17998.074889069227,-0.0087777071801486,0.7920342828333753,710900,-15400.0,2550,0.0013206901331044,2,SIDEWAYS,1.0,-0.0007748475119904,-0.0006389107,1,18015.763536811985,0.7397900165558001,False
2025-10-24 06:53:46.418223,18027.7270699124,18032.386755260228,18008.859872865913,18016.556563856644,3910,18018.17909936933,81432,402700,321700,16350,18750,-19536.0,724400,13500.0,4.4053974281199615e-05,4.405300393450773e-05,0.0041259007044369,0.0,18007.043067781236,18000.385098417653,-0.0087777071801486,0.7988577104544325,724400,13500.0,-2400,0.0013206901331044,2,SIDEWAYS,2.0,0.0015403786862213,-0.005663158,2,18016.562227014645,0.741469292036468,False
2025-10-24 06:58:46.418223,18069.139990770167,18071.68279336326,18066.05725235764,18069.68145631332,4220,18070.74378892225,119382,406600,312400,17000,17350,37950.0,719000,-5400.0,0.0029486707001076,0.002944331897698,0.0041259007044369,0.0,18027.922530625267,18009.04714315461,-0.0087777071801486,0.7683226758484998,719000,-5400.0,-350,0.0013206901331044,2,SIDEWAYS,3.0,-0.0008703661439075,-0.0025870414,3,18069.68404335472,0.8531598616356386,True
2025-10-24 07:03:46.418223,18062.97530885651,18065.681867916905,18049.425597247064,18065.4804352473,3340,18065.338753562603,121155,394500,324500,17250,16500,1773.0,719000,0.0,-0.0002324900456145,-0.0002325170756147,0.0041259007044369,0.0,18040.441832165947,18016.1013046662,-0.0087777071801486,0.8225602027883396,719000,0.0,750,0.0013206901331044,2,SIDEWAYS,4.0,0.000640567328364,0.0014941221,4,18065.4789411252,0.8443184797779267,True
2025-10-24 07:08:46.418223,18056.8131748378,18075.321523972707,18056.140471930063,18069.097753867696,510,18073.38314084133,124688,411500,326300,17650,17200,3533.0,737800,18800.0,0.0002002337349045,0.0002002136908068,0.0037626025918611,0.0,18049.99380606653,18022.725860816383,-0.0087777071801486,0.7929526123936816,737800,18800.0,450,0.0012043993478855,2,SIDEWAYS,5.0,0.0009683418834827,-0.006623863,5,18069.104377730695,0.8519410933745952,True
2025-10-24 07:13:46.418223,18099.81819943888,18101.671248711977,18078.69769055393,18087.973493798992,2820,18085.747637365657,45639,400600,322500,18900,18350,-79049.0,723100,-14700.0,0.0010446420838725,0.00104409682503,0.0034616015228304,0.0,18062.65370197736,18030.88181493921,-0.0087777071801486,0.8050424363454818,723100,-14700.0,550,0.0011080496850118,2,SIDEWAYS,6.0,0.0017704712461814,-0.007923209,6,18087.98141700799,0.891630761659463,True
2025-10-24 07:18:46.418223,18120.84704772016,18127.78622929997,18069.58738204765,18093.48898875298,4180,18096.05358296754,138963,402300,315800,19150,19650,93324.0,718100,-5000.0,0.0003049260856047,0.0003048796050943,0.0032393309361835,0.0,18072.93213090256,18038.70771166593,-0.0087777071801486,0.7849863286104897,718100,-5000.0,-500,0.0010369014457078,2,SIDEWAYS,7.0,0.0008535248270986,-0.010250396,7,18093.49923914898,0.9032321853368559,True
2025-10-24 07:23:46.418223,18108.271711357207,18124.568113514582,18102.856440352243,18109.93631011241,3000,18109.05591557965,103321,397600,329800,16300,19250,-35642.0,727400,9300.0,0.0009090187840308,0.0009086058766651,0.003039578958948,0.0,18085.266857305847,18047.61128647174,-0.0087777071801486,0.829476861167002,727400,9300.0,-2950,0.0009729613549733,2,SIDEWAYS,8.0,0.0001109703832389,-0.011972993,8,18109.948283105412,0.9378169042985417,True
2025-10-24 07:28:46.418223,18123.19617795044,18142.229417999693,18122.749185937537,18139.511686631995,4830,18139.82453472325,100945,391400,318900,18150,17700,-2376.0,710300,-17100.0,0.0016331021828646,0.0016317701215591,0.0030087339159327,0.0,18103.348467081232,18059.09883649177,-0.0087777071801486,0.8147675012774656,710300,-17100.0,450,0.0009630879365652,2,SIDEWAYS,9.0,-0.0014695601501163,-0.011868595,9,18139.523555226995,1.0,True
2025-10-24 07:33:46.418223,18110.783747801644,18130.45168625252,18104.241707242352,18122.00289253825,3700,18127.55081787432,97962,384100,325500,18550,16850,-2983.0,709600,-700.0,-0.0009652296266965,-0.0009656957607884,0.0033020295044342,0.0,18109.56660890024,18066.961843497586,-0.0087777071801486,0.8474355636552982,709600,-700.0,1700,0.0010569710950717,2,SIDEWAYS,10.0,-4.386003401579686e-07,-0.016468676,10,18122.01936121425,0.9631967892976011,True
2025-10-24 07:38:46.418223,18098.31705210384,18103.97099548088,18095.011567711423,18100.21429338914,1570,18107.371533676887,73575,392000,324300,16600,17650,-24387.0,716300,6700.0,-0.0012023284224328,-0.0012030517991323,0.00355873926619,0.0,18106.44917039654,18071.118399734027,-0.0087777071801486,0.827295918367347,716300,6700.0,-1050,0.0011391432251615,2,SIDEWAYS,11.0,0.0016688504473516,-0.014110888,11,18100.228404277143,0.9173805021278318,True
2025-10-24 07:43:46.418223,18105.06795890738,18111.411075008025,18079.005560724065,18100.61740563142,3250,18102.57532266363,107195,390200,310400,19300,16400,33620.0,700600,-15700.0,2.2271130923900984e-05,2.2270882926278542e-05,0.0034305679330814,0.0,18104.505248808167,18074.8057754712,-0.0087777071801486,0.7954894925679139,700600,-15700.0,2900,0.0010981159132823,2,SIDEWAYS,12.0,-0.0019508751318361,-0.015877726,12,18100.63328335742,0.918231775262121,True
2025-10-24 07:48:46.418223,18053.36287775529,18086.065758625515,18051.737433861646,18060.64851631726,2290,18069.50453938868,132238,389000,329000,18750,17500,25043.0,718000,17400.0,-0.0022081506071569,-0.0022105921665929,0.003973683261152,34.22360684308868,18089.886337977863,18073.03611807696,-0.0087777071801486,0.8457583547557841,718000,17400.0,1250,0.0012719657236157,2,SIDEWAYS,13.0,-0.0024179582691911,-0.015560492,13,18060.66407680926,0.8341950507417776,True
2025-10-24 07:53:46.418223,18006.89247163393,18007.831916360683,17995.671056459436,17998.12720076681,2620,17996.474719325084,103080,402500,327200,17500,19800,-29158.0,729700,11700.0,-0.0034617425555878,-0.0034677482504665,0.0048676179968773,36.42031062985537,18059.29995890751,18063.672503413185,-0.0087777071801486,0.8129192546583851,729700,11700.0,-2300,0.0015581119180314,2,SIDEWAYS,14.0,-0.0017122844025608,-0.0056547397,14,17998.13285550651,0.7027208616755558,False
2025-10-24 07:58:46.418223,17991.891216069125,17999.71551619843,17984.37340323473,17996.17650465222,3420,17991.570030883722,77698,391100,314500,19850,18500,-25382.0,705600,-24100.0,-0.0001083832830398,-0.0001083891569315,0.0047034678523692,34.914725082272774,18038.25880748908,18055.235503568067,-0.0087777071801486,0.8041421631296344,705600,-24100.0,1350,0.0015055678817761,2,SIDEWAYS,15.0,0.0007970174457032,-0.00931939,15,17996.18582404222,0.6986271565228209,False
2025-10-24 08:03:46.418223,17964.75749486514,17975.92900305227,17954.901847534802,17969.297819280302,1210,17965.687831266187,69493,404500,310100,18150,18500,-8205.0,714600,9000.0,-0.0014935775588202,-0.0014946940576407,0.0046932180671323,35.36900594192597,18015.271811419487,18044.493293032097,-0.0087777071801486,0.7666254635352286,714600,9000.0,-350,0.0015022869520596,2,SIDEWAYS,16.0,0.0036191175053565,-0.009273383,16,17969.3070926633,0.6421136367554301,False
2025-10-24 08:08:46.418223,17973.407289838513,17984.564796023926,17965.614133554827,17982.935082078613,3320,17980.729977936207,94119,397700,322900,19800,17500,24626.0,720600,6000.0,0.0007589201834965,0.0007586323491945,0.0045953587533723,34.19626712243829,18004.492901639198,18036.79851666291,-0.0087777071801486,0.8119185315564496,720600,6000.0,2300,0.0014709624390929,2,SIDEWAYS,17.0,0.0008224635980715,-0.011045329,17,17982.946127407613,0.6707902081592192,False
2025-10-24 08:13:46.418223,17949.123014411918,17978.026188892076,17944.659477014782,17973.889753170104,2240,17970.40519164643,85119,394400,326600,19050,19700,-9000.0,721000,400.0,-0.0005029951377361,-0.0005031216822271,0.004478259584028,34.48764840396633,17994.2918521495,18028.93492122631,-0.0087777071801486,0.8280933062880325,721000,400.0,-650,0.0014334792981677,2,SIDEWAYS,18.0,-0.0011244474188675,-0.0025078938,18,17973.892261063906,0.6517541216946721,False
2025-10-24 08:18:46.418223,17911.317955487255,17916.57758299208,17906.155453823078,17914.83229906673,1720,17929.27785557346,114051,409800,310300,19000,16050,28932.0,720100,-900.0,-0.0032857358598719,-0.0032911457434909,0.0049074774211239,36.86240918561349,17967.805334455246,18014.672093456364,-0.0087777071801486,0.7571986334797463,720100,-900.0,2950,0.0015708708165325,2,SIDEWAYS,19.0,-3.473031976197749e-05,-0.00071154593,19,17914.83301061266,0.5275798788417666,False
2025-10-24 08:23:46.418223,17950.918332422887,17960.07056612691,17932.81361336991,17946.35015018326,2760,17941.59317869401,127408,397000,316000,19500,16700,13357.0,713000,-7100.0,0.0017593160008633,0.0017577702172175,0.0049704969272646,37.460684748082535,17960.653606364587,18006.131850547226,-0.0087777071801486,0.7959697732997482,713000,-7100.0,2800,0.0015910431972841,2,SIDEWAYS,20.0,0.0019268391686313,0.0044327765,20,17946.345717406763,0.59383650208885,False
2025-10-24 08:28:46.418223,17945.01947313484,17946.87105613731,17943.130378306076,17944.79000736969,4390,17953.425554816655,109393,403800,315600,18550,18200,-18015.0,719400,6400.0,-8.693371078327683e-05,-8.69374897387587e-05,0.0048507945473867,35.052112825450386,17955.365740032954,17998.464120150034,-0.0087777071801486,0.7815750371471025,719400,6400.0,350,0.0015527267754071,2,SIDEWAYS,21.0,-0.0015464069868924,0.0009702196,21,17944.78903715009,0.5905635246846437,False
2025-10-24 08:33:46.418223,17947.016726889164,17960.137754374242,17927.082690261323,17931.141909461072,4930,17934.592961155155,98298,402000,331300,16300,16650,-11095.0,733300,13900.0,-0.0007605604692512,-0.0007608498420967,0.0047571408354077,34.909466488841026,17947.291129842328,17990.048843813915,-0.0087777071801486,0.8241293532338309,733300,13900.0,-350,0.0015227484646818,2,SIDEWAYS,22.0,-3.348978032391425e-05,0.0013599595,22,17931.14054950157,0.5618670782026286,False
2025-10-24 08:38:46.418223,17908.88180096627,17912.899083405457,17887.378159864857,17902.66103329114,3500,17907.447849305943,97349,398000,319700,18600,16450,-949.0,717700,-15600.0,-0.0015883470396775,-0.0015896098001491,0.0047415565808867,35.541915282224906,17932.414430991936,17979.125367498567,-0.0087777071801486,0.8032663316582914,717700,-15600.0,2150,0.0015177599851589,2,SIDEWAYS,23.0,0.0022935677462767,0.0027074865,23,17902.65832580464,0.5019821569530264,False
2025-10-24 08:43:46.418223,17894.44278483318,17903.049897190474,17883.885569112233,17890.780844247354,4770,17889.497736877936,101421,396800,320800,17600,19100,4072.0,717600,-100.0,-0.0006635990605918,-0.0006638193399055,0.0046501627567074,34.37208762479748,17918.536568743744,17968.082302092167,-0.0087777071801486,0.8084677419354839,717600,-100.0,-1500,0.0014885050586672,2,SIDEWAYS,24.0,0.0004630675712578,-0.00052507466,24,17890.781369322016,0.4770104198016318,False
2025-10-24 08:48:46.418223,17897.59935453952,17899.72032718028,17881.472668573842,17892.909392453224,1320,17898.234963167135,76801,413900,330200,16950,19000,-24620.0,744100,26500.0,0.0001189745838596,0.0001189675069461,0.0045613266927089,33.22034269491457,17909.994176646906,17958.6856883873,-0.0087777071801486,0.7977772408794395,744100,26500.0,-2050,0.0014600688645871,2,SIDEWAYS,25.0,0.0001903227301576,0.004445478,25,17892.904946975224,0.48147531979971414,False
2025-10-24 08:53:46.418223,17866.90464879031,17874.96541214069,17858.905385791455,17868.265703776015,3020,17866.940315044685,112045,397500,315600,16050,16600,35244.0,713100,-31000.0,-0.0013772879600901,-0.0013782372929238,0.0045266325431326,33.27631869254706,17896.084685689944,17947.38319031089,-0.0087777071801486,0.7939622641509434,713100,-31000.0,-550,0.0014489633571345,2,SIDEWAYS,26.0,0.0010154758287803,0.0060744,26,17868.259629376014,0.4296576345197829,False
2025-10-24 08:58:46.418223,17877.155098118954,17879.65135534781,17857.861725319948,17869.803833775462,1950,17878.324689739406,78383,399300,315800,17600,18350,-33662.0,715100,2000.0,8.608166147450191e-05,8.607795666115692e-05,0.004446790572419,32.45584093078388,17887.32440171845,17937.685770743963,-0.0087777071801486,0.7908840470823942,715100,2000.0,-750,0.0014234061490282,2,SIDEWAYS,27.0,-0.0029012879092076,0.0060723326,27,17869.797761442864,0.43289161367375917,False
2025-10-24 09:03:46.418223,17861.234396535183,17879.742872028506,17849.29722134779,17871.245892292576,1690,17880.21107505426,122323,402400,322800,17200,18650,43940.0,725200,10100.0,8.069806084765041e-05,8.069480493411163e-05,0.0043708847626917,32.31225591292179,17881.964898576494,17929.38078593754,-0.0087777071801486,0.8021868787276342,725200,10100.0,-1450,0.0013991088958626,2,SIDEWAYS,28.0,0.0007078178538011,0.0028526592,28,17871.243039633377,0.4359303641429496,False
2025-10-24 09:08:46.418223,17853.599625427258,17856.444847394698,17839.775232458476,17853.60147385433,1140,17856.44986276666,92735,400800,313000,17400,16200,-29588.0,713800,-11400.0,-0.0009873076865812,-0.0009877953958543,0.004316046102586,32.25214190729166,17872.510423669108,17919.90837192714,-0.0087777071801486,0.780938123752495,713800,-11400.0,1200,0.0013815551827457,2,SIDEWAYS,29.0,-0.0015786609236428,0.013938387,29,17853.58753546733,0.3988090182868083,False
2025-10-24 09:13:46.418223,17837.671327541026,17846.516107110558,17834.732433750298,17837.58837950517,3300,17840.784710673182,116616,396300,321400,17650,17700,23881.0,717700,3900.0,-0.000896911156699,-0.000897313622179,0.0043279053868416,31.29620606420176,17860.86974228113,17909.618372874393,-0.0087777071801486,0.8110017663386323,717700,3900.0,-50,0.0013630887694336,2,SIDEWAYS,30.0,-0.0019567467622988,0.012519867,30,17837.57585963817,0.3651438818737875,False
2025-10-24 09:18:46.418223,17887.47960931194,17893.13992581801,17873.62585085303,17884.54700428413,3320,17890.44563496074,70534,390200,321100,17250,16800,-46082.0,711300,-6400.0,0.0026325657807482,0.0026291066490511,0.0045722349705458,33.028730367675884,17868.7621629488,17906.48445180061,-0.0072833936792341,0.8229113275243465,711300,-6400.0,450,0.0014364337011102,2,SIDEWAYS,31.0,2.7200885715616963e-05,0.005610257,31,17884.54139402713,0.46389064259919066,False
2025-10-24 09:23:46.418223,17887.296338048498,17890.37772608399,17886.098261423296,17888.684308924043,4400,17894.30999296218,116475,400700,321400,16200,18750,45941.0,722100,10800.0,0.0002313340471482,0.0002313072935535,0.0045774450773009,31.08601546997468,17875.402878273882,17904.25943394104,-0.0070974858308455,0.802096331420015,722100,10800.0,-2550,0.001415742607301,2,SIDEWAYS,32.0,0.0019300862049629,0.007466325,32,17888.67684259904,0.47258557508395593,False
2025-10-24 09:28:46.418223,17859.11804608318,17869.141165033525,17858.268741011256,17866.48580973734,4770,17875.54847589209,127250,397600,313700,18400,16700,10775.0,711300,-10800.0,-0.0012409240838147,-0.0012416946676623,0.0042058117386006,31.038126358747,17872.430522095034,17899.537730915577,-0.0112451150324504,0.7889839034205232,711300,-10800.0,1700,0.0014059560442411,2,SIDEWAYS,33.0,-0.0001850011703619,0.005386352,33,17866.48042338534,0.42591678858822446,False
2025-10-24 09:33:46.418223,17881.34534777515,17891.977885978566,17870.616330985733,17873.592620350842,1550,17882.507142188868,74368,394400,319900,19950,17100,-52882.0,714300,3000.0,0.0003977732772513,0.000397694186434,0.0042283956977336,30.6419799217812,17872.817888180303,17896.294592094986,-0.0106217941772568,0.811105476673428,714300,3000.0,2850,0.0013889507039284,2,SIDEWAYS,34.0,0.0009337446160999,0.006110204,34,17873.58651014684,0.44085759695464505,False
2025-10-24 09:38:46.418223,17848.808309133838,17858.21450412904,17840.165868460877,17842.935011604546,4620,17846.34921655133,97729,392700,323100,16150,16400,23361.0,715800,1500.0,-0.0017152460278964,-0.0017167187466551,0.0042845273957069,30.8408922052229,17862.85692932172,17889.62464453368,-0.012516548714489,0.8227654698242933,715800,1500.0,-250,0.0013922815101984,2,SIDEWAYS,35.0,0.003556396405038,0.006486015,35,17842.928525589545,0.3763980585976359,False
2025-10-24 09:43:46.418223,17854.57967950038,17859.686145336927,17838.052654495517,17851.868229209616,3490,17852.88279826911,106697,390700,322500,18750,18600,8968.0,713200,-2600.0,0.000500658529511,0.0005005332418459,0.0042329294119627,30.183220679236268,17859.194029284354,17884.905092618174,-0.0130531629024289,0.825441515229076,713200,-2600.0,150,0.0013781460943026,2,SIDEWAYS,36.0,0.0008309815221938,0.016763322,36,17851.851465887616,0.3951588682433543,False
2025-10-24 09:48:46.418223,17802.351134986766,17808.62404651954,17788.020706424348,17790.371301605745,1560,17798.2610810806,107677,399700,316400,16150,16550,980.0,716100,2900.0,-0.0034448454813961,-0.0034507926235107,0.0045418677254852,32.58781368681001,17836.25312005815,17873.08836874162,-0.0167528599561783,0.7915936952714536,716100,2900.0,-400,0.0014571233489007,2,SIDEWAYS,37.0,0.0027753722328605,0.002185402,37,17790.369116203743,0.2658899702725812,False
2025-10-24 09:53:46.418223,17767.096860325048,17780.756069329786,17759.46078198008,17759.81894345142,850,17762.538225259006,93208,407900,320700,16750,17250,-14469.0,728600,12500.0,-0.0017173535974241,-0.0017188299396231,0.0045024012105869,32.468006968156736,17810.77506118924,17858.929690580346,-0.0193328877951651,0.7862221132630547,728600,12500.0,-500,0.0014556179752215,2,SIDEWAYS,38.0,0.0006995135237473,0.008906745,38,17759.81003670642,0.2016383834361694,False
2025-10-24 09:58:46.418223,17772.521838320907,17773.809498219005,17761.668122627692,17768.290015383438,1960,17772.449983992727,89683,405700,311300,17450,16450,-3525.0,717000,-11600.0,0.0004769796335757,0.0004768659149494,0.0043510040104439,31.14818895383014,17796.613379253973,17847.599731180733,-0.0204648106113093,0.767315750554597,717000,-11600.0,1000,0.0014426014917379,2,SIDEWAYS,39.0,0.0011190732672654,-0.00869156,39,17768.29870694344,0.21948612433121684,False
2025-10-24 10:03:46.418223,17792.39728899424,17804.144967141303,17791.565285391996,17800.17602883846,3110,17806.56798068488,105065,394400,307800,18900,18750,15382.0,702200,-14800.0,0.0017945459820509,0.0017929377082044,0.0045709557942203,31.48438629697548,17797.80092911547,17841.67176838795,-0.0177589014640485,0.7804259634888439,702200,-14800.0,150,0.0014620969802382,2,SIDEWAYS,40.0,-0.0024221378789645,-0.011025022,40,17800.18705386046,0.28653254473102696,False
2025-10-24 10:08:46.418223,17797.149426286273,17800.492768871245,17795.701595241757,17799.485847889177,4580,17808.255068814233,107051,389200,324200,17400,19100,1986.0,713400,11200.0,-3.877382718953104e-05,-3.8774578914768654e-05,0.0045672652986857,29.577728249297817,17798.362568706707,17836.398528325604,-0.0166146345355591,0.8329907502569374,713400,11200.0,-1700,0.0014445829345896,2,SIDEWAYS,41.0,-0.0004471921065255,-0.0021952973,41,17799.488043186477,0.2850628491198439,False
2025-10-24 10:13:46.418223,17794.24032092243,17799.193718907027,17786.489211851494,17795.96271362572,2080,17800.91451931064,87451,392800,318100,16800,17800,-19600.0,710900,-2500.0,-0.0001979346085367,-0.0001979542001766,0.0045595621224587,28.39336451989669,17797.562617013045,17831.34405148812,-0.0168311768144946,0.8098268839103869,710900,-2500.0,-1000,0.0014273141224377,2,SIDEWAYS,42.0,-0.0016116331315345,-0.0007915996,42,17795.963505225318,0.2776523786281044,False
2025-10-24 10:18:46.418223,17786.383131257793,17811.810623672853,17785.741458700657,17793.950329838157,3140,17794.374548579326,83499,388600,316500,17000,16800,-3952.0,705100,-5800.0,-0.0001130809172813,-0.0001130873114103,0.0044608058703151,28.22735026648948,17796.358521288086,17826.66983628187,-0.0147668111827848,0.8144621718991251,705100,-5800.0,200,0.0014107921804595,2,SIDEWAYS,43.0,0.0032066805667656,-0.0015103562,43,17793.951840194357,0.2734227790279628,False
2025-10-24 10:23:46.418223,17747.157973457055,17750.604000688327,17739.388637611548,17745.938994042146,2510,17759.05507262112,124227,398400,324200,16800,16800,40728.0,722600,17500.0,-0.0026981830850399,-0.0027018297420617,0.0043078496182854,30.1083746922123,17779.552012206106,17816.578481001907,-0.0140119137903369,0.8137550200803213,722600,17500.0,0,0.0014415374681818,2,SIDEWAYS,44.0,0.0005647773994672,0.0037683654,44,17745.935225676745,0.17246608373420338,False
2025-10-24 10:28:46.418223,17728.18281301611,17734.35349376461,17718.048151690517,17731.64392913691,4700,17743.330900750385,102153,400800,323700,16000,19350,-22074.0,724500,1900.0,-0.0008055400680705,-0.0008058646898145,0.0043064945674117,29.94997952502782,17763.582651183042,17805.96166201878,-0.0146993765840719,0.8076347305389222,724500,1900.0,-3350,0.0014273011608452,2,SIDEWAYS,45.0,-0.000312615757592,-0.0069218804,45,17731.650851017308,0.14243266146063274,False
2025-10-24 10:33:46.418223,17716.11477171264,17721.72777743327,17714.425619962396,17715.200427501695,2040,17713.333227534316,54565,401000,323400,19100,16650,-47588.0,724400,-100.0,-0.0009273534761317,-0.0009277837343866,0.0042741621246048,29.0405744999911,17747.45524328926,17794.616507704144,-0.0141406411276666,0.8064837905236908,724400,-100.0,2450,0.0014144721303341,2,SIDEWAYS,46.0,0.0012715162692835,-0.008278367,46,17715.208705868696,0.10786244749572736,False
2025-10-24 10:38:46.418223,17744.406647325693,17752.95638742043,17742.339042876578,17746.76099604401,620,17745.45605056562,124350,404700,323300,18750,19350,69785.0,728000,3600.0,0.0017815530042391,0.0017799679210117,0.0044108584546586,29.663102029901264,17747.223827540845,17788.634568746627,-0.0131332335326044,0.7988633555720287,728000,3600.0,-600,0.0014322256029809,2,SIDEWAYS,47.0,-0.0005253472691112,-0.0087073585,47,17746.769703402508,0.17422060379638601,False
2025-10-24 10:43:46.418223,17753.732495198117,17768.633865746877,17742.187116798512,17748.55942453987,3460,17747.9239543274,88057,381500,325900,17800,17900,-36293.0,707400,-20600.0,0.0001013384074008,0.0001013332730117,0.0044214395458855,29.433362524077243,17747.66902654052,17783.625175720783,-0.0125365367054446,0.854259501965924,707400,-20600.0,-100,0.0014183304204732,2,SIDEWAYS,48.0,0.0030905922271575,-0.009514916,48,17748.568939455872,0.17800356367029455,False
2025-10-24 10:48:46.418223,17707.02077701421,17723.9455064885,17680.230438589308,17685.428683967744,4330,17693.46786558858,101334,401100,327100,17800,16600,13277.0,728200,20800.0,-0.0035569501198412,-0.0035632911077687,0.0044831964882274,32.211621340254865,17726.92224568293,17771.350614251653,-0.0128052337453884,0.8155073547743705,728200,20800.0,1200,0.0014784920791812,2,SIDEWAYS,49.0,-0.0003630086185484,-0.005131641,49,17685.433815608743,0.045259647327952256,False
2025-10-24 10:53:46.418223,17715.80786916334,17727.42206490102,17712.575845647585,17714.618437244277,3710,17727.91401935745,107497,400200,320000,16300,19800,6163.0,720200,-8000.0,0.0016504973556561,0.0016491367817721,0.0044657531799204,32.91031845404209,17722.82097620338,17764.25909212573,-0.0129124702794578,0.7996001999000499,720200,-8000.0,-3500,0.0014901009746375,2,SIDEWAYS,50.0,-5.6474056774891146e-05,-0.012859191,50,17714.631296435276,0.10664842295828175,False
2025-10-24 10:58:46.418223,17705.754815145894,17720.337511021262,17695.72077781978,17718.35022997664,1340,17719.202801904692,70326,403900,321500,19050,18700,-37171.0,725400,5200.0,0.0002106617619557,0.0002106395758811,0.0044767306595382,32.317919507430595,17721.330727461136,17758.520484357094,-0.0126186919601763,0.7959891062144095,725400,5200.0,350,0.0014771752503494,2,SIDEWAYS,51.0,-0.0016016899343817,-0.012774915,51,17718.363004891642,0.11449447702392739,False
2025-10-24 11:03:46.418223,17687.962695690356,17703.75980062517,17684.867976879523,17696.154127431866,3290,17700.591977942524,94223,400200,319100,17650,18500,23897.0,719300,-6100.0,-0.0012527183545125,-0.0012535036620651,0.0044980002423442,32.40108619240825,17712.93852745138,17750.72468974144,-0.0131050093304553,0.7973513243378311,719300,-6100.0,-850,0.0014687720569009,2,SIDEWAYS,52.0,-0.0016338781425947,-0.011675584,52,17696.165803015865,0.06782404495244239,False
2025-10-24 11:08:46.418223,17704.376147065435,17713.628785897145,17696.450301757344,17712.922027164754,2940,17712.465356894165,126351,405600,323800,17900,19350,32128.0,729400,10100.0,0.000947544851392,0.0009470962141495,0.0045124369208094,31.33491278332756,17712.933027355837,17745.999356919354,-0.0105983689113901,0.7983234714003945,729400,10100.0,-1450,0.0014649771563444,2,SIDEWAYS,53.0,-0.0011559160948644,-0.012785296,53,17712.934812460753,0.10308150310340788,False
2025-10-24 11:13:46.418223,17731.954453096463,17753.02347783916,17722.531216458876,17742.913959925034,3490,17755.512454899803,121787,405300,327900,16450,18150,-4564.0,733200,3800.0,0.0016932233266924,0.0016917914401837,0.0046559524268726,31.961094061261782,17722.92667154557,17745.613682295065,-0.0082649765602526,0.8090303478904515,733200,3800.0,-1700,0.0014758219564403,2,SIDEWAYS,54.0,7.872781569617793e-05,-0.0098997345,54,17742.923859659535,0.1661345760993627,False
2025-10-24 11:18:46.418223,17756.91945538857,17761.145928296402,17736.163145900857,17757.706598239478,4110,17765.652257465812,94192,411700,324200,17900,17550,-27595.0,735900,2700.0,0.0008337209067155,0.0008333735544905,0.0046940559347912,31.46264322799635,17734.51998044354,17747.125296788116,-0.0075562219227898,0.7874666018945834,735900,2700.0,350,0.0014695857893971,2,SIDEWAYS,55.0,-0.0008003917172227,0.003463117,55,17757.70313512248,0.19720854548609978,False
2025-10-24 11:23:46.418223,17734.75798842642,17746.250506379667,17727.12533164388,17736.507661585496,4030,17735.667116618653,114316,403100,314900,18150,18100,20124.0,718000,-17900.0,-0.0011937879780086,-0.0011945011104863,0.0046803808889351,31.39968775425349,17735.182540824193,17745.798092387788,-0.0073738573387497,0.7811957330687175,718000,-17900.0,50,0.0014619101618316,2,SIDEWAYS,56.0,-0.0009475344737999,0.008415797,56,17736.499245788495,0.1526265895102458,False
2025-10-24 11:28:46.418223,17726.711451999086,17739.301886807476,17716.50357147121,17721.236983535015,3650,17713.604405417496,116950,395300,308700,18550,18350,2634.0,704000,-14000.0,-0.0008609743440957,-0.0008613451953838,0.0046888979980561,30.785304010111503,17730.534021727803,17742.727953781192,-0.0083138489724013,0.7809258790791803,704000,-14000.0,200,0.0014512197919686,2,SIDEWAYS,57.0,-0.0019094388603505,0.008625706,57,17721.228357829015,0.12051898679650552,False
2025-10-24 11:33:46.418223,17735.69931376755,17736.705643074198,17726.452807735393,17732.89642719968,580,17741.962833633967,115930,406800,317300,16750,16900,-1020.0,724100,20100.0,0.0006579362194354,0.0006577198742903,0.0047152419063179,29.691257976473764,17731.32149021843,17741.499012958502,-0.0077414560756819,0.7799901671583087,724100,20100.0,-150,0.0014436597717102,2,SIDEWAYS,58.0,-0.0007172448056502,0.009487552,58,17732.88693964768,0.14503158319774936,False
2025-10-24 11:38:46.418223,17761.848891911042,17769.285758841997,17752.604256541843,17767.317508968157,4350,17767.81951667363,77079,407800,317700,18950,19400,-38851.0,725500,1400.0,0.0019410862692277,0.001939204795617,0.004856433893339,30.16969180974824,17743.32016313501,17744.72632495971,-0.0048328604742595,0.7790583619421285,725500,1400.0,-450,0.0014589885703287,2,SIDEWAYS,59.0,-0.0022557981382197,0.009259519,59,17767.308249449157,0.21740365107782064,False
2025-10-24 11:43:46.418223,17749.26444000512,17770.913036804715,17738.035736961225,17759.948471620377,2960,17767.990525284873,132823,388200,321900,19050,19800,55744.0,710100,-15400.0,-0.0004147523870196,-0.0004148384205802,0.0048395994725563,30.363092383586977,17748.86293263013,17746.629093292293,-0.0043526011607039,0.8292117465224111,710100,-15400.0,-750,0.0014589463223764,2,SIDEWAYS,60.0,0.0009641044593367,0.005930004,60,17759.942541616376,0.20191697987520535,False
2025-10-24 11:48:46.418223,17744.499606920803,17753.655371614655,17738.998816247287,17743.262404728797,3610,17748.374364623487,90723,399600,319800,18050,16850,-42100.0,719400,9300.0,-0.0009395335193816,-0.0009399751576424,0.0045717215498969,29.69070402569431,17746.996089996355,17746.208257221857,-0.0078998142654376,0.8003003003003003,719400,9300.0,1200,0.0014510605985494,2,SIDEWAYS,61.0,2.771657676570172e-05,-0.006362448,61,17743.268767176796,0.16685975682012946,False
2025-10-24 11:53:46.418223,17715.254138017342,17720.52877431162,17703.53565926392,17711.266529398818,4630,17705.062470925877,102186,398100,323300,17950,17050,11463.0,721400,2000.0,-0.0018032690155928,-0.0018048968624224,0.0046443645796585,30.40756412849322,17735.086236463845,17741.84054124398,-0.0099178774951447,0.8121075106757096,721400,2000.0,900,0.0014641965895474,2,SIDEWAYS,62.0,-0.001982729850203,-0.006511482,62,17711.273040880817,0.09958756733286422,False
2025-10-24 11:58:46.418223,17683.672817848605,17688.893240286427,17681.842693972627,17683.677485974447,3270,17682.934187613104,92974,400800,322900,17700,16250,-9212.0,723700,2300.0,-0.0015577114927707,-0.0015589259867034,0.0046687310025022,30.337297792614464,17717.949986300715,17734.570159335286,-0.0102319127392842,0.8056387225548902,723700,2300.0,1450,0.0014102903633504,2,SIDEWAYS,63.0,0.0002347686567532,-0.002237162,63,17683.679723136447,0.04157160349100641,False
2025-10-24 12:03:46.418223,17705.415671726798,17711.908387837382,17696.28830619453,17710.73797942402,2870,17712.398477890903,104595,412500,326200,17650,19550,11621.0,738700,15000.0,0.0015302525999489,0.0015290829565213,0.0047725663959464,30.186840940494488,17715.545984008484,17731.59113684638,-0.0091114665297561,0.7907878787878788,738700,15000.0,-1900,0.0014311693230777,2,SIDEWAYS,64.0,-0.001643104727442,0.0050425394,64,17710.73293688462,0.09845197884710989,False
2025-10-24 12:08:46.418223,17741.64894037209,17742.290114386902,17721.55109746496,17728.84075773774,2520,17728.792233957753,82714,405500,316400,17850,16300,-21881.0,721900,-16800.0,0.0010221357424378,0.0010216137173895,0.0047555274190153,30.2843619420937,17719.97757525157,17731.2473394578,-0.0063943658256112,0.7802712700369914,721900,-16800.0,1550,0.0014402321616432,2,SIDEWAYS,65.0,0.001192740198999,-0.0052280077,65,17728.84598574544,0.13653532922601283,False
2025-10-24 12:13:46.418223,17739.91007463466,17753.216975091695,17712.127598110357,17719.543052822788,2960,17723.704496110975,95497,401900,322200,19800,17400,12783.0,724100,2200.0,-0.0005244395300293,-0.000524577096538,0.0047396211358658,31.05614873061111,17719.832734441978,17729.784303628425,-0.0074123993459863,0.8016919631749191,724100,2200.0,2400,0.00142930493637,2,SIDEWAYS,66.0,0.0017828455126349,0.0029590926,66,17719.54009373019,0.11696934953213615,False
2025-10-24 12:18:46.418223,17766.811725663356,17773.730451215735,17757.019110579327,17761.92108338688,2840,17767.612259274818,103655,407100,317600,17800,17500,8158.0,724700,600.0,0.0023915983859041,0.0023887430660973,0.0045791973752613,32.7083808493494,17733.862184090278,17733.80140109823,-0.0015991919300918,0.7801522967329895,724700,600.0,300,0.0014700517642559,2,SIDEWAYS,67.0,-0.0037976229505493,0.0011955848,67,17761.91988780208,0.20607442284293415,False
2025-10-24 12:23:46.418223,17776.62978429933,17788.638545609345,17762.723122981035,17765.779707865044,1300,17778.869676146966,124492,408900,309400,16700,19100,20837.0,718300,-6400.0,0.0002172413929806,0.0002172177994861,0.0044741626624687,32.280458090286345,17744.501358681868,17737.79868944408,0.0003356320485361,0.7566642210809489,718300,-6400.0,-2400,0.0014630446816406,2,SIDEWAYS,68.0,0.0014958277352186,0.008488276,68,17765.771219589045,0.2141719893539851,False
2025-10-24 12:28:46.418223,17759.613617349725,17767.48282389991,17754.085196276752,17755.101430562896,4050,17761.167710302656,122078,405900,319800,18550,18800,-2414.0,725700,7400.0,-0.000601058747645,-0.0006012394558698,0.0044786533408982,30.93168448549152,17748.034715975547,17739.961532083933,-0.0007422540272093,0.7878787878787878,725700,7400.0,-250,0.0014407922895854,2,SIDEWAYS,69.0,-0.0001523046028222,0.010031293,69,17755.091399269895,0.19171727494763982,False
2025-10-24 12:33:46.418223,17769.42129008777,17769.97782460725,17766.79563323337,17768.108304716043,620,17779.610139945682,123091,395100,310300,17700,16000,1013.0,705400,-20300.0,0.0007325710981722,0.0007323028989407,0.0043734048308283,29.78487802541021,17754.72591222238,17743.479878662947,-0.0018015397190715,0.7853707922045052,705400,-20300.0,1700,0.00144530250073,2,SIDEWAYS,70.0,0.0001146446664666,0.010684804,70,17768.09761991204,0.21906333146336832,False
2025-10-24 12:38:46.418223,17810.641750456274,17812.806842866627,17799.82267227099,17806.60542793774,3760,17807.61960251486,117373,389700,321500,18450,19000,-5718.0,711200,5800.0,0.0021666416346346,0.0021642978514631,0.004553818547329,30.850139462922613,17772.019084127503,17751.370572322296,0.0003999879608549,0.8249935848088273,711200,5800.0,-550,0.001475831184208,2,SIDEWAYS,71.0,0.0010374612865267,0.006076993,71,17806.59935094474,0.30001463482368174,False
2025-10-24 12:43:46.418223,17809.862746788458,17825.418982709318,17807.989442079157,17822.796870505004,650,17832.591638473055,136933,400800,318600,16850,16600,19560.0,719400,8200.0,0.0009092941736026,0.0009088810160911,0.0045802190147505,29.99038341354094,17788.945012920005,17760.298859595136,0.0015078789111386,0.7949101796407185,719400,8200.0,250,0.0014832532974817,2,SIDEWAYS,72.0,-0.0017548270329628,0.0003618797,72,17822.796508625303,0.3340697536405607,False
2025-10-24 12:48:46.418223,17851.88948688447,17866.916759181888,17838.22980512406,17854.805992598518,940,17856.335088411906,94197,398100,313700,19950,17800,-42736.0,711800,-7600.0,0.0017959651521632,0.0017943543351091,0.0046853354658963,30.999633789493974,17810.898672812844,17772.11225122056,0.0034200198175395,0.7879929665913087,711800,-7600.0,2150,0.0014839991329919,2,SIDEWAYS,73.0,8.593972950166062e-06,0.0038327514,73,17854.802159847117,0.40136281064885726,False
2025-10-24 12:53:46.418223,17782.05385954467,17786.506992955816,17775.135797849918,17784.725385167676,3700,17783.389662648362,96844,401900,313600,19400,19600,2647.0,715500,3700.0,-0.003925027662574,-0.0039327507992901,0.0049777575021774,34.47610242943011,17802.174243597787,17773.688892963946,0.0021856488483675,0.7802936053744712,715500,3700.0,-200,0.0015025003220472,2,SIDEWAYS,74.0,-0.0018635833067073,0.006267303,74,17784.719117864675,0.2540106412849391,False
2025-10-24 12:58:46.418223,17804.16809151492,17811.77155167435,17793.736539133824,17809.707031805065,1880,17808.143641803577,96021,404300,323200,18450,19750,-823.0,727500,12000.0,0.0014046686747395,0.0014036830505705,0.0050059574099886,33.945392720661694,17804.685173000216,17778.191160319086,0.0044024740729131,0.7994063813999506,727500,12000.0,-1300,0.001516656585445,2,SIDEWAYS,75.0,0.0013604290398587,0.008916107,75,17809.698115698066,0.3065299015106698,False
2025-10-24 13:03:46.418223,17806.671010062273,17816.87450093445,17783.201125795753,17796.53159673043,3750,17785.98561097903,98777,398100,317900,19200,17450,2756.0,716000,-11500.0,-0.0007397895457295,-0.0007400633250487,0.0049935304009134,33.92596289337846,17801.967314243622,17780.483714870505,0.0045910386146392,0.7985430796282341,716000,-11500.0,1750,0.0015086231038032,2,SIDEWAYS,76.0,0.0007477753724347,0.0030093002,76,17796.52858743023,0.27884048471493567,False
2025-10-24 13:08:46.418223,17798.864300282625,17815.03356428931,17791.60098433377,17808.111805131182,1970,17816.23630714425,71275,404700,321800,16200,19600,-27502.0,726500,10500.0,0.0006507002972915,0.0006504886836466,0.0049105249513739,33.176435540675776,17804.01547787281,17783.93722615309,0.0034570144434158,0.795156906350383,726500,10500.0,-3400,0.0015075699834641,2,SIDEWAYS,77.0,0.0029958250991997,0.0035264543,77,17808.108278676882,0.30318721079149197,False
2025-10-24 13:13:46.418223,17801.492339338693,17815.366726201926,17787.86739956695,17800.817980655516,4040,17797.48818615122,105295,395700,309300,16400,16400,34020.0,705000,-21500.0,-0.0004095787669956,-0.0004096626672893,0.0049196458385897,32.77092776169733,17802.949645467044,17786.047320465896,0.0029443829702251,0.7816527672479151,705000,-21500.0,0,0.0015072606676233,2,SIDEWAYS,78.0,-0.0002179606950852,0.0031471676,78,17800.814833487915,0.28785247445113227,False
2025-10-24 13:18:46.418223,17748.676321436884,17768.212778434066,17745.996618297446,17754.62639316449,2850,17765.67764620749,109921,399800,313600,18800,17400,4626.0,713400,8400.0,-0.0025949137585263,-0.002598286382943,0.0047040151647256,34.345958804295414,17786.841894699526,17782.11970455322,0.0039126961767952,0.784392196098049,713400,8400.0,1400,0.0014853702574787,2,SIDEWAYS,79.0,-0.0014448962524493,0.0016036549,79,17754.62478950959,0.1907362107917147,False
2025-10-24 13:23:46.418223,17743.00638619147,17757.46376156124,17728.64367638479,17733.497401326014,2400,17736.11723915873,94851,395600,316000,18250,18300,-15070.0,711600,-1800.0,-0.0011900555590744,-0.0011907642374922,0.0046741859509509,33.95125354516376,17769.060396908357,17776.04191664982,0.0010657279550569,0.7987866531850354,711600,-1800.0,-50,0.0014698873052747,2,SIDEWAYS,80.0,-0.0018666062428459,0.0005570812,80,17733.496844244815,0.1463139300101978,False
2025-10-24 13:28:46.418223,17752.69083422126,17755.99883143294,17722.325652705462,17738.899134719235,1500,17734.17243786559,64853,402700,322100,17450,16000,-29998.0,724800,13200.0,0.0003046062077307,0.0003045598246789,0.0046756769844481,33.93139105818611,17759.006642845317,17771.399068908497,0.0011597527126328,0.7998510057114477,724800,13200.0,1450,0.0014712608479897,2,SIDEWAYS,81.0,-0.0023573188283335,0.0038577165,81,17738.895277002735,0.157664333125463,False
2025-10-24 13:33:46.418223,17792.267304122503,17801.703323275582,17791.957651590117,17799.543359832933,1540,17797.134742554408,100428,399600,317100,17000,18700,35575.0,716700,-8100.0,0.0034187141295032,0.0034128836111584,0.0049887357737048,35.993733736626176,17772.51888184119,17774.91710527405,0.0058424690278209,0.7935435435435435,716700,-8100.0,-1700,0.0015409436412209,2,SIDEWAYS,82.0,-0.0025201081759063,-0.014869133,82,17799.558228965932,0.285210417298518,False
2025-10-24 13:38:46.418223,17778.618661097113,17798.768728865678,17771.487662414303,17781.96468180956,2990,17786.538033889326,74105,392600,325900,17800,19000,-26323.0,718500,1800.0,-0.0009875915167038,-0.0009880795065217,0.0050124937519927,35.42673114248354,17775.66748183065,17775.79805234099,0.0038978692809081,0.8301069791136017,718500,1800.0,-1200,0.0015331757299139,2,SIDEWAYS,83.0,0.0005245206085808,0.0003459131,83,17781.96433589646,0.24821861103541346,False
2025-10-24 13:43:46.418223,17757.248452083124,17761.28640347871,17739.058870860812,17749.23947529947,4450,17742.778978579463,108546,398100,323500,16400,16100,34441.0,721600,3100.0,-0.0018403594369731,-0.0018420549789919,0.0050469943576386,35.960951128645334,17766.858146320257,17772.4782302108,0.0003565093867174,0.8126098970108013,721600,3100.0,300,0.0015478291876033,2,SIDEWAYS,84.0,0.00034678755496,0.0006955763,84,17749.23877972317,0.1794119274302262,False
2025-10-24 13:48:46.418223,17744.066183256055,17753.291381208215,17726.685035435385,17736.35050362042,4950,17743.036815147505,102386,402400,325500,17250,16300,-6160.0,727900,6300.0,-0.0007261703633548,-0.0007264341527655,0.0050399599295543,35.292765031801416,17756.688932086978,17767.962264387003,-0.001202638105372,0.80889662027833,727900,6300.0,950,0.0015493494937153,2,SIDEWAYS,85.0,-0.00143994717925,-0.001861042,85,17736.35236466242,0.1523177665488916,False
2025-10-24 13:53:46.418223,17768.625037358604,17784.025309576984,17763.550460427177,17778.623751702737,1430,17774.091986083487,104347,410300,316600,18000,16500,1961.0,726900,-1000.0,0.0023834242604581,0.0023805884099843,0.0051750744003289,36.1771965264274,17764.000538625565,17769.29495030147,0.0023745424364716,0.7716305142578601,726900,-1000.0,1500,0.0015744886229472,2,SIDEWAYS,86.0,0.0001786263548362,0.001601362,86,17778.622150340736,0.24119154317246122,False
2025-10-24 13:58:46.418223,17777.56715572668,17778.787683184444,17766.60537780151,17766.994730826045,2690,17766.60931319388,78779,391600,312100,17900,19600,-25568.0,703700,-23200.0,-0.0006541012982277,-0.0006543153158133,0.0051637482114377,34.463275730463714,17764.998602692394,17769.007422867042,0.0025820854003331,0.7969867211440245,703700,-23200.0,-1700,0.0015760350810748,2,SIDEWAYS,87.0,0.0001174254143581,0.005381783,87,17766.989349043044,0.21673315126327786,False
2025-10-24 14:03:46.418223,17763.623631040995,17786.7274550122,17755.13437092615,17778.21354308626,3470,17782.829053562175,125231,399000,317600,17300,17100,46452.0,716600,12900.0,0.0006314411880108,0.0006312419129077,0.0051627835358939,34.25826204157696,17769.403582823685,17770.158187894445,0.0025555394220355,0.7959899749373434,716600,12900.0,200,0.0015786826557733,2,SIDEWAYS,88.0,0.000577376703704,0.0053046043,88,17778.208238481962,0.24032127828968075,False
2025-10-24 14:08:46.418223,17777.482905262612,17779.32823777791,17765.175011456096,17769.47752040545,3880,17775.524175203733,103404,404200,314800,19650,19800,-21827.0,719000,2400.0,-0.0004913892309618,-0.0004915100022166,0.0050540062609666,32.822188061593906,17769.42822868427,17770.073104458323,0.0001215721752145,0.7788223651657595,719000,2400.0,-150,0.0015751791725537,2,SIDEWAYS,89.0,0.0020801455846304,0.002372933,89,17769.47514747245,0.22195963374482122,False
2025-10-24 14:13:46.418223,17780.249587067538,17788.661127889733,17779.841274048416,17785.92497095338,4910,17793.738611280813,81715,403400,321100,18200,16150,-21689.0,724500,5500.0,0.0009256012468032,0.0009251731421198,0.0050743793661902,31.848003734643136,17774.927142773977,17772.054587770206,0.0014626449718877,0.7959841348537432,724500,5500.0,2050,0.0015766974332469,2,SIDEWAYS,90.0,0.0010140804231812,0.009933966,90,17785.91503698738,0.25652510515707355,False
2025-10-24 14:18:46.418223,17806.28055068673,17816.034113479982,17803.207327660675,17803.354814300066,1820,17799.937214584992,111592,395500,313800,19150,18850,29877.0,709300,-15200.0,0.0009799795835836,0.0009794997170722,0.0050666145652938,31.72379936264021,17784.403033282673,17775.96711608644,0.0033867734242183,0.7934260429835651,709300,-15200.0,300,0.0015432460102174,2,SIDEWAYS,91.0,-0.0005555577682724,0.0051356456,91,17803.349678654467,0.2931820794986229,False
2025-10-24 14:23:46.418223,17787.7168653499,17800.917193631954,17781.6394738809,17793.081528970317,4100,17794.99364756794,101954,396300,304300,19300,19700,-9638.0,700600,-8700.0,-0.0005770421045306,-0.0005772086574022,0.0049574527893038,31.0089094381064,17787.295865178556,17778.106417696923,0.0046193760020321,0.7678526368912441,700600,-8700.0,-400,0.0015440483326725,2,SIDEWAYS,92.0,-0.0005445469147622,0.011710831,92,17793.069818139316,0.27156829526754594,False
2025-10-24 14:28:46.418223,17779.15426186498,17795.14416665295,17769.067279838437,17774.317318475165,2040,17783.700377932022,136738,394800,317100,17600,18150,34784.0,711900,11300.0,-0.0010545790207615,-0.0010551354804704,0.0049069536668205,30.656622107849746,17782.969682944095,17777.632780294203,0.0051256212160963,0.8031914893617021,711900,11300.0,-550,0.0015418747043222,2,SIDEWAYS,93.0,-0.0044374985582398,0.0075688115,93,17774.309749663666,0.23212456238855125,False
2025-10-24 14:33:46.418223,17768.877997355048,17775.409846100167,17765.476245871374,17767.43167371163,770,17769.34231953221,88942,393600,315000,17700,16450,-47796.0,708600,-3300.0,-0.0003873929243052,-0.0003874679803299,0.0048497925434167,29.17640625934568,17777.790346533275,17776.357641971383,0.0032010915837317,0.8003048780487805,708600,-3300.0,1250,0.0015410298694709,2,SIDEWAYS,94.0,-0.0008418145749241,0.006337851,94,17767.425335860633,0.21764982955760595,False
2025-10-24 14:38:46.418223,17730.09055429436,17745.135966174872,17729.526302482343,17730.453304636943,3310,17735.56468112262,75049,400200,320000,17700,16150,-13893.0,720200,11600.0,-0.0020812444788742,-0.0020834132778873,0.0049743869699879,29.7999037571987,17762.011332567832,17770.619599804577,9.095613871412668e-05,0.7996001999000499,720200,11600.0,1550,0.0015482633279672,2,SIDEWAYS,95.0,-2.031398291491016e-05,0.0060530356,95,17730.447251601345,0.13990204948988288,False
2025-10-24 14:43:46.418223,17738.145043147968,17740.300770548023,17725.960887181125,17729.25656992243,1650,17733.666399423408,105786,395100,318200,17850,16950,30737.0,713300,-6900.0,-6.749600215816276e-05,-6.749828011543002e-05,0.0049648940518498,28.695616586462933,17751.0930783527,17765.44922106931,0.0005481810152037,0.8053657301948873,713300,-6900.0,900,0.0015462307666973,2,SIDEWAYS,96.0,-0.0006531217875341,-0.004576404,96,17729.26114632643,0.13740821959310745,False
2025-10-24 14:48:46.418223,17745.26980951816,17751.863181005094,17732.159494100822,17751.84287346363,3540,17762.323049273575,120244,393100,314600,19200,18750,14458.0,707700,-5600.0,0.0012739566068167,0.001273145812636,0.0048244268488347,28.26068762190594,17751.343010056342,17763.7484276186,-0.0005674053992208,0.8003052658356652,707700,-5600.0,450,0.0014928370890265,2,SIDEWAYS,97.0,-0.0006154656658863,-0.0032182815,97,17751.84609174513,0.18489389670234377,False
2025-10-24 14:53:46.418223,17745.58337448829,17755.080501584296,17738.74468518618,17741.029737421923,2830,17742.098230708765,146459,396800,318700,17950,19650,26215.0,715500,7800.0,-0.0006091275209443,-0.0006093131144826,0.0048338361108048,27.40891110592105,17747.905252511537,17760.908591344014,-0.0013931260462587,0.8031754032258065,715500,7800.0,-1700,0.0014784425117696,2,SIDEWAYS,98.0,-0.0005485775003845,-0.015915548,98,17741.045652969922,0.16218557756277496,False
2025-10-24 14:58:46.418223,17739.517538976328,17750.798917939665,17720.708546737038,17737.489912872537,4540,17733.64114932443,168372,400600,322800,17200,19800,21913.0,723400,7900.0,-0.0001995275698072,-0.0001995474780809,0.0048237403143005,27.600443969971444,17744.43347263187,17757.98125653508,-0.0009919130994117,0.8057913130304544,723400,7900.0,-2600,0.001477186223987,2,SIDEWAYS,99.0,1.6901945609770763e-06,-0.009765201,99,17737.49967807354,0.15473003512751532,False
2025-10-24 15:03:46.418223,17702.072518644825,17703.053324633842,17685.453554934382,17693.27149627573,500,17691.67270453725,68959,399000,315300,16700,17450,-99413.0,714300,-9100.0,-0.0024929354048407,-0.0024960479422873,0.0049995931058517,29.34586639627031,17727.37948051316,17749.892536502663,-0.0042118613392539,0.7902255639097744,714300,-9100.0,-750,0.0014912380931357,2,SIDEWAYS,100.0,-0.0011164230723008,-0.007313742,100,17693.27881001773,0.061754036157446915,False
2025-10-24 15:08:46.418223,17691.083510621873,17694.517730763004,17661.589175125413,17668.41828125196,3970,17672.952937236685,97295,397800,318500,17200,19000,28336.0,716300,2000.0,-0.001404670415474,-0.0014056578897871,0.0048583372262108,29.601772770650346,17707.72574742609,17739.708254596324,-0.0077604430134093,0.8006535947712419,716300,2000.0,-1800,0.0015006915725331,2,SIDEWAYS,101.0,0.0002152564420478,-0.0068387617,101,17668.42512001366,0.009498240244425686,False
2025-10-24 15:13:46.418223,17682.168181930265,17682.662579318057,17672.78184725077,17680.479289417406,2890,17675.690315477474,75115,400700,323700,19850,17650,-22180.0,724400,8100.0,0.0006826308939178,0.0006823980074255,0.0048416927900447,28.504810291753618,17698.64359475653,17732.30463394896,-0.0079851429672701,0.8078362864986274,724400,8100.0,2200,0.0015042475703296,2,SIDEWAYS,102.0,0.0015183450210227,0.007369948,102,17680.471919469404,0.03482707848379132,False
2025-10-24 15:18:46.418223,17661.078588039145,17685.371230594897,17654.68005186501,17682.383283321054,1070,17683.031798953092,95052,392800,324700,18300,18450,19937.0,717500,-6900.0,0.0001076890435196,0.0001076832454725,0.004693295895116,28.66097946590612,17693.223490944707,17726.06446512047,-0.0096569354687438,0.8266293279022403,717500,-6900.0,-150,0.001504506166894,2,SIDEWAYS,103.0,-0.0027971113126588,0.009498032,103,17682.373785289055,0.03882582121009695,False
2025-10-24 15:23:46.418223,17656.98295434732,17671.78178059248,17653.02350433731,17663.90982661598,3840,17667.84225309079,149544,407500,321700,16350,19000,54492.0,729200,11700.0,-0.0010447379410951,-0.0010452840601793,0.0042100758569665,28.71089371718025,17683.452269501802,17718.29513530741,-0.0067932203582099,0.7894478527607361,729200,11700.0,-2650,0.0014708644607947,2,SIDEWAYS,104.0,0.0036231202204859,0.0022211573,104,17663.90760545868,0.0,False
2025-10-24 15:28:46.418223,17667.864354356137,17667.90172064361,17666.293711732713,17667.694209467856,2320,17667.16457384328,83605,397900,331400,17600,16750,-65939.0,729300,100.0,0.0002142437823233,0.0002142208354012,0.0041084435124533,26.94525088221233,17678.19958282382,17711.970019577464,-0.0079738999683486,0.8328725810505152,729300,100.0,850,0.0014681924955523,2,SIDEWAYS,105.0,-0.00052778082917,-0.006494271,105,17667.700703738858,0.007975128424572259,False
2025-10-24 15:33:46.418223,17718.099630204724,17723.582374748796,17707.638959670756,17715.770667252837,3860,17721.05095854,99560,391900,319700,17300,16700,15955.0,711600,-17700.0,0.0027211506614834,0.0027174550337445,0.0044347634620953,29.012601910692847,17690.723277633493,17712.445100536886,-0.0045380151204535,0.8157693289104363,711600,-17700.0,600,0.0015066018211807,2,SIDEWAYS,106.0,0.0001695418237728,-0.0050213137,106,17715.775688566537,0.10905454943872823,False
2025-10-24 15:38:46.418223,17722.91724666761,17737.634747307653,17722.098653550736,17723.116327247197,750,17730.51260069252,88382,399200,315400,16950,17100,-11178.0,714600,3000.0,0.0004146395961164,0.0004145536568742,0.0044224269185931,28.50199320670168,17701.52096083806,17713.779003875676,-0.0047728517663223,0.7900801603206413,714600,3000.0,-150,0.0014894832181616,2,SIDEWAYS,107.0,0.0002955866207627,-0.0019094857,107,17723.1182367329,0.12449252659222448,False
2025-10-24 15:43:46.418223,17729.942684320904,17738.17410309594,17716.072354000764,17734.79287959768,4580,17740.76015111339,79934,409500,313100,19350,17950,-8448.0,722600,8000.0,0.0006588317841447,0.0006586148497618,0.0044440105663337,28.04483291302116,17712.611600424603,17716.405738340927,-0.003709104892235,0.7645909645909645,722600,8000.0,1400,0.0014920021259293,2,SIDEWAYS,108.0,0.0005164809065658,-0.005248366,108,17734.79812796368,0.14904992681497106,False
2025-10-24 15:48:46.418223,17728.140192648523,17730.90270540987,17716.402792549827,17717.673385082988,1260,17712.991463526803,135855,395100,317300,17200,18950,55921.0,712400,-10200.0,-0.0009653055793161,-0.0009657717867934,0.004230522224261,27.355208208366346,17714.298861977397,17716.564194183684,-0.0020813171318394,0.8030878258668691,712400,-10200.0,-1750,0.0014233438454567,2,SIDEWAYS,109.0,0.0007981637135983,-0.011723078,109,17717.68510816099,0.11306917425394471,False
2025-10-24 15:53:46.418223,17677.36595544133,17700.647742869896,17669.662827685348,17687.215091635706,4660,17691.172688368923,69214,396200,325200,16400,16500,-66641.0,721400,9000.0,-0.0017190910333026,-0.0017205703659399,0.0042881812553357,28.83059029331445,17705.270938530168,17712.895556365187,-0.0026098805352884,0.8207975769813226,721400,9000.0,-100,0.0014248676524051,2,SIDEWAYS,110.0,0.0008955541692925,-0.01709642,110,17687.232188055707,0.04904079143768873,False
2025-10-24 15:58:46.418223,17676.839693715727,17706.422348428692,17665.781070434132,17683.162534132196,2660,17687.5343900095,98349,402700,325100,16850,19400,29135.0,727800,6400.0,-0.0002291235495534,-0.0002291498023652,0.0042825770109123,29.674210843403444,17697.90147039751,17709.178928586065,-0.0031420552179559,0.8073007201390613,727800,6400.0,-2550,0.0014247619113909,2,SIDEWAYS,111.0,-0.0003994136897398,-0.012275568,111,17683.174809700195,0.040510004449808366,False
2025-10-24 16:03:46.418223,17678.61357076007,17688.396039692965,17665.06717155697,17684.961834718484,3770,17686.47780670474,101759,395400,316700,19400,16850,3410.0,712100,-15700.0,0.0001017521940893,0.0001017470176858,0.0037506294926738,29.220972078588584,17693.588258504504,17706.151791852615,-0.0064373294751491,0.8009610520991401,712100,-15700.0,2550,0.0014158013686403,2,SIDEWAYS,112.0,0.0009537344857573,-0.015296987,112,17684.977131705484,0.044299452650961274,False
2025-10-24 16:08:46.418223,17744.23189344955,17748.96357706155,17730.21893734378,17748.122101044093,3740,17753.339930097834,99339,401700,320000,16900,16950,-2420.0,721700,9600.0,0.0035714109487992,0.0035650486045817,0.0042945443140351,31.705312811765506,17711.766206017703,17711.398080501553,-0.0019031969397671,0.7966143888473985,721700,9600.0,-50,0.0014844886116538,2,SIDEWAYS,113.0,-0.0029029210023823,-0.015815947,113,17748.137916991094,0.17709732311005286,False
2025-10-24 16:13:46.418223,17739.290077701204,17744.030054874675,17733.863986849705,17739.464070491795,3110,17744.488372294003,93685,412700,325800,18400,17300,-5654.0,738500,16800.0,-0.0004878279799409,-0.0004879470067216,0.0041735603618452,30.459084339095703,17720.99882750907,17714.90632925033,-0.0005507506291342,0.7894354252483644,738500,16800.0,1100,0.001469807278417,2,SIDEWAYS,114.0,0.000543949465197,-0.0118631,114,17739.475933591795,0.15888518492688522,False
2025-10-24 16:18:46.418223,17747.493220365206,17755.625772835952,17737.413107017917,17753.46402047699,720,17756.530708206683,132286,400300,325900,19400,18150,38601.0,726200,-12300.0,0.0007891980236585,0.000788886770648,0.0041765327198574,29.58434015901994,17731.820558498377,17719.726040653662,0.0009648837765738,0.81413939545341,726200,-12300.0,1250,0.0014693892552226,2,SIDEWAYS,115.0,6.727447501808648e-05,-0.005562656,115,17753.46958313299,0.18830734696331333,False
2025-10-24 16:23:46.418223,17746.746640654685,17752.534171840423,17745.380161880927,17751.99802839962,2930,17750.200079350878,57762,396000,322400,19450,18250,-74524.0,718400,-7800.0,-8.257498793917684e-05,-8.257839744096884e-05,0.0039400141804244,28.04859147595157,17738.54638179879,17723.760039121906,-0.0014976256697354,0.8141414141414142,718400,-7800.0,1200,0.0014611083471266,2,SIDEWAYS,116.0,-0.000924233689812,-0.00035673718,116,17751.998385136798,0.18521409915085674,False
2025-10-24 16:28:46.418223,17715.84070117835,17725.83048881143,17711.270307841478,17712.70463675997,2070,17716.10571896775,108729,400500,314900,17500,16050,50967.0,715400,-3000.0,-0.0022134630466266,-0.002215916376862,0.0041173138825665,28.95424355325084,17729.932466785853,17722.378113826664,-0.0030556711975538,0.786267166042447,715400,-3000.0,1450,0.0014851389503303,2,SIDEWAYS,117.0,0.0008112918128069,-0.006085441,117,17712.71072220097,0.10261034510314887,False
2025-10-24 16:33:46.418223,17746.413309577296,17747.177389106582,17737.434611717836,17741.32362250883,2550,17754.808434963954,109619,397400,314500,19350,17500,890.0,711900,-3500.0,0.0016157321163401,0.0016144282255066,0.0042133110230693,29.34842275277675,17733.72951869351,17724.746302411935,-0.0020750071703227,0.7913940613990941,711900,-3500.0,1850,0.0014974923146565,2,SIDEWAYS,118.0,-0.0034644500840411,-0.0066124746,118,17741.33023498343,0.16278392169662217,False
2025-10-24 16:38:46.418223,17766.618438802725,17774.158748189853,17758.76560360865,17767.52325976948,3590,17768.985667142533,105739,417000,324600,16850,17350,-3880.0,741600,29700.0,0.0014767577559664,0.0014756684215555,0.004295556248007,29.597472961937253,17744.99409905217,17730.093422081627,-0.0001099785085816,0.7784172661870503,741600,29700.0,-500,0.0014885287514743,2,SIDEWAYS,119.0,-0.000548576084835,-0.007109186,119,17767.530368955482,0.21787066549656126,False
2025-10-24 16:43:46.418223,17787.889772698414,17810.479977221843,17786.711350406564,17801.66667255366,1360,17810.820140689408,83383,400900,323000,17550,16650,-22356.0,723900,-17700.0,0.0019216754234669,0.0019198313673243,0.0044040327976032,30.55170471125329,17763.884956886002,17739.04007839063,0.0008850651077179,0.8056872037914692,723900,-17700.0,900,0.0015078847483293,2,SIDEWAYS,120.0,2.0967297513108107e-05,0.0034424267,120,17801.66323012696,0.28963625953962274,False
2025-10-24 16:48:46.418223,17763.81982589507,17765.748364542043,17749.427933128492,17752.814188476616,3160,17756.571697754127,124100,407400,316000,19500,19600,40717.0,723400,-500.0,-0.002744264622838,-0.0027480370202166,0.0046402796888607,32.100778619390006,17760.19470074954,17740.76184215138,-0.0028388259600856,0.7756504663721159,723400,-500.0,-100,0.0015453831915719,2,SIDEWAYS,121.0,8.104093845062721e-05,0.0003481129,121,17752.813840363717,0.18692862371067456,False
2025-10-24 16:53:46.418223,17801.41567058488,17806.10221977081,17776.60895476702,17788.35365695351,4640,17787.638232625904,123099,394300,323000,16100,17900,-1001.0,717300,-6100.0,0.0020019061822864,0.001999905038394,0.0047807924003796,33.61415381044758,17769.581019484198,17746.710819001648,-0.0002657140647115,0.8191732183616536,717300,-6100.0,-1800,0.0015477527660377,2,SIDEWAYS,122.0,-0.0011396381736824,0.004737466,122,17788.34891948751,0.26164243249085606,False
2025-10-24 16:58:46.418223,17764.200239899947,17769.90442120513,17761.20269032354,17765.663662187657,1830,17767.63602376493,82678,396500,322800,16250,18500,-40421.0,719300,2000.0,-0.0012755533875381,-0.0012763675982121,0.0047987182368551,33.15249758327073,17768.275233718683,17749.0799243999,-0.0004868629344494,0.814123581336696,719300,2000.0,-2250,0.0015431280540424,2,SIDEWAYS,123.0,0.0018059023407042,0.005073949,123,17765.658588238657,0.2139351778037351,False
2025-10-24 17:03:46.418223,17780.02249440998,17786.252001960955,17777.681685045358,17780.474886651824,3160,17783.94099265234,76042,406000,316400,16300,16050,-6636.0,722400,3100.0,0.0008336994747735,0.0008333521404004,0.0048174173606904,32.25505773970123,17772.341784696397,17753.00429468139,0.0007341079554841,0.7793103448275862,722400,3100.0,250,0.0015346229716665,2,SIDEWAYS,124.0,-0.0013664634372192,0.0038149836,124,17780.471071668224,0.24507896815976152,False
2025-10-24 17:08:46.418223,17838.71648536623,17841.013373432907,17837.315924668335,17840.26258176913,3820,17847.337377666983,72177,415200,303400,18100,19500,-3865.0,718600,-3800.0,0.0033625477102521,0.0033569069879622,0.0050117405830412,34.27530267122847,17794.98205038731,17763.911580567357,0.0061932583022832,0.7307321772639692,718600,-3800.0,-1400,0.0015879702411332,2,SIDEWAYS,125.0,0.001286661909962,0.00397169,125,17840.25861007913,0.37078446319210995,False
2025-10-24 17:13:46.418223,17812.40944432173,17814.696409907014,17801.63150321292,17814.582141444927,3170,17830.864912417725,104508,402800,330200,16500,19100,32331.0,733000,14400.0,-0.0014394653781859,-0.0014405024037689,0.0050973909475917,34.586429520155654,17801.515414073183,17770.245400677053,0.0048126987832786,0.8197616683217478,733000,14400.0,-2600,0.0015984870118518,2,SIDEWAYS,126.0,0.0011755286693775,0.004948625,126,17814.57719281993,0.31678834032929964,False
2025-10-24 17:18:46.418223,17797.463152060314,17801.733004050966,17781.31707083963,17795.476935109153,4990,17799.327865316824,100935,394800,321700,16850,19450,-3573.0,716500,-16500.0,-0.0010724476265613,-0.0010730231100044,0.005100623337875,34.492046740523044,17799.502587751842,17773.399342481065,0.0024580017948869,0.8148429584599798,716500,-16500.0,-2600,0.0015764005984595,2,SIDEWAYS,127.0,-0.000292580713151,0.0028290292,127,17795.474106079953,0.27662339895321547,False
2025-10-24 17:23:46.418223,17800.30166527197,17815.95444344316,17792.49877677602,17813.56167459556,1020,17810.54659088167,92777,407200,324400,18550,16300,-8158.0,731600,15100.0,0.0010162548355603,0.0010157387982037,0.0051107238672462,33.70373387813839,17804.18895003308,17778.419633995378,0.0040883724477751,0.7966601178781926,731600,15100.0,2250,0.0015813583964251,2,SIDEWAYS,128.0,0.0019182780388604,-0.001499714,128,17813.56317430956,0.3146563291743667,False
2025-10-24 17:28:46.418223,17787.04158191214,17803.373285828777,17764.23603236164,17772.803909095237,1480,17767.536525965454,141626,406600,324500,18950,19700,48849.0,731100,-500.0,-0.0022880188838624,-0.0022906403985487,0.0052928540609148,34.8195844749798,17793.727269720468,17777.71766838286,0.0019909241046034,0.7980816527299557,731100,-500.0,-750,0.0016078736314465,2,SIDEWAYS,129.0,-0.0013515471373125,0.001967548,129,17772.801941547237,0.228954340453894,False
2025-10-24 17:33:46.418223,17745.894546495387,17749.734526345703,17735.83426403295,17738.54333607847,2960,17739.846491587232,90778,410300,321900,19900,17500,-50848.0,732200,1100.0,-0.0019276965633562,-0.0019295569616168,0.0052097692188882,34.97316023121602,17775.332625173134,17772.82087684481,0.0025587037316567,0.7845478917864976,732200,1100.0,2400,0.0016244292441287,2,SIDEWAYS,130.0,0.0001954625793358,0.0032105758,130,17738.54012550267,0.15691761405466984,False
2025-10-24 17:38:46.418223,17747.897185413134,17754.941489682507,17731.63702011641,17746.98090797962,850,17744.52425783416,103749,399200,317100,16400,19450,12971.0,716300,-15900.0,0.0004756631782718,0.0004755500864028,0.0051386072222833,34.13968232656469,17765.882052775298,17769.59088073666,0.0044465002739393,0.7943386773547094,716300,-15900.0,-3050,0.001600254957388,2,SIDEWAYS,131.0,0.002287716589403,0.008091359,131,17746.972816620622,0.174647656796214,False
2025-10-24 17:43:46.418223,17719.816416940597,17722.451141706086,17687.969461932847,17705.257914904585,4500,17711.76232895465,96113,402100,318200,18400,17950,-7636.0,720300,4000.0,-0.0023509910384968,-0.0023537589570139,0.0053208905191815,35.916236878008206,17745.674006818394,17761.54926000765,0.001401467973892,0.7913454364585923,720300,4000.0,450,0.0016221980907656,2,SIDEWAYS,132.0,-0.001622325269403,0.008188546,132,17705.249726358586,0.08692332736117239,False
2025-10-24 17:48:46.418223,17732.58617053623,17734.770677994267,17730.485333064345,17731.0269938462,770,17737.579968592545,139262,403700,332500,19100,16200,43149.0,736200,15900.0,0.0014554478147377,0.0014543896771517,0.0053811876495936,35.45884589312778,17740.791669160997,17757.73397673747,0.002750970259254,0.8236314094624722,736200,15900.0,2900,0.0016160146947143,2,SIDEWAYS,133.0,0.0019106203438274,0.004626579,133,17731.0223672672,0.1411112512967933,False
2025-10-24 17:53:46.418223,17708.324454795125,17731.776174035127,17701.694459925322,17723.035381178463,2690,17725.803849929227,60206,395100,312700,17100,16500,-79056.0,707800,-28400.0,-0.0004507134680078,-0.0004508150698523,0.0053495103700153,35.074765051461874,17734.872906500153,17753.396652292595,0.0033472518339847,0.7914452037458871,707800,-28400.0,600,0.0015372260390173,2,SIDEWAYS,134.0,3.911442895576656e-06,0.007849831,134,17723.027531347463,0.1243018151884554,False
2025-10-24 17:58:46.418223,17749.71995843868,17756.22405178598,17746.02090282602,17749.905323097762,4550,17756.955868272405,93801,396500,315600,19550,17550,33595.0,712100,4300.0,0.0015161027070924,0.0015149545836852,0.0054090393715547,34.94004401975149,17739.883712032693,17752.96023614324,0.0046531886195908,0.7959646910466582,712100,4300.0,2000,0.001539085204371,2,SIDEWAYS,135.0,0.0014095591539384,0.004776878,135,17749.900546219764,0.18080331579076123,False
2025-10-24 18:03:46.418223,17729.055703769565,17744.778558030266,17718.709729037797,17731.100758373763,1510,17734.99145488154,112285,403400,317700,18950,16300,18484.0,721100,9000.0,-0.0010594177479656,-0.0010599793276142,0.0052329723396734,34.672583308338204,17736.956060813052,17750.227801422057,0.0008653358303662,0.7875557759048091,721100,9000.0,2650,0.0015420463063428,2,SIDEWAYS,136.0,0.0002796448255473,0.0066096387,136,17731.09414873506,0.14126217446893666,False
2025-10-24 18:08:46.418223,17720.670208198313,17722.093453745456,17709.300619126538,17709.504726092506,3120,17722.96876912434,95552,396100,316400,16850,18700,-16733.0,712500,-8600.0,-0.0012179747087082,-0.0012187170427289,0.0052752050744526,33.7531230182587,17727.805615906203,17745.137417005863,-0.0007680139826067,0.7987881848018177,712500,-8600.0,-1850,0.0015462963156438,2,SIDEWAYS,137.0,-0.0005447148547474,-0.0016505035,137,17709.506376596004,0.0958730907984394,False
2025-10-24 18:13:46.418223,17742.484936691977,17746.78016121036,17725.677990419474,17737.017045193126,3200,17743.896125255942,73913,404600,329200,19450,16150,-21639.0,733800,21300.0,0.0015535340782333,0.0015523285925151,0.0053384662642755,34.00471673965847,17730.87609233518,17744.12237052927,0.0001254125498135,0.8136431043005438,733800,21300.0,3300,0.0015601596331244,2,SIDEWAYS,138.0,0.0003381305063316,-0.004624028,138,17737.021669221125,0.1537250039618324,False
2025-10-24 18:18:46.418223,17709.934369543702,17718.490448997523,17697.023888044718,17706.612017908086,2730,17714.910843536858,103531,400200,311900,17100,16450,29618.0,712100,-21700.0,-0.0017142131175478,-0.0017156840621019,0.0054010886471575,34.43246248314061,17722.78806752615,17739.43357645162,-0.0006243126247159,0.7793603198400799,712100,-21700.0,650,0.0015398487650799,2,SIDEWAYS,139.0,0.0018704791833212,-0.0039285296,139,17706.615946437687,0.08979585524793898,False
2025-10-24 18:23:46.418223,17716.15501190716,17717.708527862385,17703.807513625303,17713.340666955282,1880,17709.18798284157,67573,397700,312000,18700,19000,-35958.0,709700,-2400.0,0.0003800077078772,0.0003799355232345,0.0053107430572317,32.96593046556504,17719.638934002527,17736.17196276458,0.0014770881218,0.7845109378928841,709700,-2400.0,-300,0.0015333800797918,2,SIDEWAYS,140.0,-0.002361022581638,-0.0039760643,140,17713.344643019584,0.1039431869031839,False
2025-10-24 18:28:46.418223,17751.10291379504,17766.843388421483,17745.12265504111,17762.47820924701,3290,17759.789491656065,113404,389100,323700,16150,17250,45831.0,712800,3100.0,0.0027740415100463,0.0027702009578245,0.0055288963424498,34.43284410846757,17733.918692417355,17739.460243574882,0.0044853783909817,0.8319198149575945,712800,3100.0,-1100,0.0015746800546086,2,SIDEWAYS,141.0,0.0019052486842079,-0.0009292407,141,17762.47913848771,0.20725026794632592,False
2025-10-24 18:33:46.418223,17708.529658765856,17713.549869427705,17700.0513711382,17713.467603110497,3350,17719.554863315498,91734,403200,310600,17600,19450,-21670.0,713800,1000.0,-0.0027592211829425,-0.0027630348504956,0.0057732199789415,36.43241510849187,17727.101662648405,17736.211163516833,0.0016118648520944,0.7703373015873016,713800,1000.0,-1850,0.0015509524987756,2,SIDEWAYS,142.0,-0.0034877279433275,0.0014210356,142,17713.4661820749,0.10419872723015239,False
2025-10-24 18:38:46.418223,17713.61186443878,17716.330736224427,17679.756165400257,17703.767897012367,2990,17699.080522568805,88370,404600,326100,18750,16300,-3364.0,730700,16900.0,-0.0005475893436261,-0.0005477393254249,0.0053956102384904,36.44256908818318,17719.323740769727,17732.155755203778,-0.0024990927929844,0.8059812160158181,730700,16900.0,2450,0.0015476247729521,2,SIDEWAYS,143.0,0.002037957087249,-0.0074002766,143,17703.77529728897,0.08382328609818218,False
2025-10-24 18:43:46.418223,17720.695611011022,17738.949132353937,17719.37138158807,17722.87972908365,3710,17723.104051952367,120923,379900,319700,19650,18200,32553.0,699600,-31100.0,0.001079534717268,0.0010789524386876,0.0054299802542262,36.35247382056794,17720.5090702077,17730.996251938763,-0.0009348840157878,0.8415372466438537,699600,-31100.0,1450,0.0015369532341888,2,SIDEWAYS,144.0,0.0021155108888195,-0.0014152738,144,17722.88114435745,0.1239940311663137,False
2025-10-24 18:48:46.418223,17741.666884943792,17749.12890606488,17728.974219669886,17746.086527092124,3660,17755.914731882443,79935,399300,327400,18850,16750,-40988.0,726700,27100.0,0.0013094259151571,0.0013085693646885,0.005464375050454,35.630809760615456,17729.034889169176,17732.882536332934,-0.0004155523325676,0.8199348860505885,726700,27100.0,2100,0.0015436459791479,2,SIDEWAYS,145.0,-0.0013254215916893,-0.0022102618,145,17746.088737353923,0.17278884767273872,False
2025-10-24 18:53:46.418223,17708.95614232624,17721.517603891116,17704.736507141715,17719.051566985683,1270,17719.162191633135,69150,404800,320500,16300,17550,-10785.0,725300,-1400.0,-0.0015234322263203,-0.0015245938290942,0.0055319595484859,36.03932477417212,17725.707115108013,17731.15366516453,-0.001855929758511,0.7917490118577075,725300,-1400.0,-1250,0.0015241678965507,2,SIDEWAYS,146.0,-0.0019710530850827,-0.0027379072,146,17719.054304892885,0.11594796066252178,False
2025-10-24 18:58:46.418223,17674.091734179197,17692.562542733212,17671.45104734644,17688.059044721205,3460,17685.17730946901,81790,406900,320000,18350,18850,12640.0,726900,1600.0,-0.0017491072898181,-0.001750638764042,0.0054770829271031,36.8651244073915,17713.15775831241,17725.766837609113,-0.0013914076107618,0.786434013271074,726900,1600.0,-500,0.0015379719066144,2,SIDEWAYS,147.0,-0.0006307560414707,0.0025191377,147,17688.056525583506,0.0507739913612854,False
2025-10-24 19:03:46.418223,17688.111297170217,17695.596549631617,17675.96702251345,17679.133747649135,3870,17686.21005064354,140940,412000,312100,19400,18450,59150.0,724100,-2800.0,-0.0005045944865688,-0.000504721837208,0.0053935551951423,35.634010315303975,17701.81642142465,17719.937701364117,-0.0035053683807894,0.7575242718446602,724100,-2800.0,950,0.001536131305791,2,SIDEWAYS,148.0,-0.0001597816783478,0.01171572,148,17679.122031929135,0.0319888903596823,False
2025-10-24 19:08:46.418223,17696.169660273994,17701.34497280923,17684.110650931692,17688.995124229652,3560,17703.536533791543,79926,413900,313400,17550,16950,-61014.0,727300,3200.0,0.0005577974985244,0.0005576419873261,0.0053273313092758,34.67523994707481,17697.542655692985,17716.06987922231,-0.0044197570134965,0.7571877265039865,727300,3200.0,600,0.0015374905112587,2,SIDEWAYS,149.0,-9.885257749620012e-05,0.01230689,149,17688.982817339653,0.05272155379395319,False
2025-10-24 19:13:46.418223,17702.997084656414,17707.234815454365,17682.160377055017,17691.86563607137,4770,17691.11207675984,107310,404300,320400,17350,17900,27384.0,724700,-2600.0,0.0001622767048978,0.0001622635394564,0.0051903362924583,33.989468407951456,17695.650315819115,17713.04434882844,-0.0061680200231802,0.7924808310660401,724700,-2600.0,-550,0.0015322188904263,2,SIDEWAYS,150.0,0.0011017502896171,-0.0022378587,150,17691.867873930067,0.05878749122060891,False
2025-10-24 19:18:46.418223,17712.37635584218,17715.559941150666,17690.008609486966,17710.30383193256,4000,17720.349253333916,116867,391500,322200,19150,19600,9557.0,713700,-11000.0,0.0010421849363133,0.0010416422386221,0.0050128075441476,33.386744354790686,17700.534821190264,17712.701784216457,-0.002394570015364,0.8229885057471265,713700,-11000.0,-450,0.0015329737746926,2,SIDEWAYS,151.0,0.0019221825926492,0.0031810538,151,17710.300650878762,0.09754308164535073,False
2025-10-24 19:23:46.418223,17694.495230725806,17719.4089200235,17677.97333196271,17698.62121874203,620,17697.206169906567,81205,387700,330600,16250,18750,-35662.0,718300,4600.0,-0.0006596506362281,-0.0006598683014367,0.0048689131529916,33.961661762362134,17699.89695370752,17710.941713532156,-0.0050444487411235,0.8527211761671395,718300,4600.0,-2500,0.0015334585413263,2,SIDEWAYS,152.0,0.0014132298789224,-0.00120383,152,17698.622422572033,0.07298917778149093,False
2025-10-24 19:28:46.418223,17700.83773002951,17715.916466907576,17690.552960771525,17709.57605406121,3950,17712.52044225508,81230,394300,334100,16550,16250,25.0,728400,10100.0,0.0006189654653763,0.000618773985261,0.0048437224392668,33.3475077890542,17703.123320492086,17710.771006098286,-0.0031570792509048,0.8473243723053513,728400,10100.0,300,0.0015308028631198,2,SIDEWAYS,153.0,-0.0013866958418439,-0.0021609883,153,17709.57821504951,0.09602413378499534,False
2025-10-24 19:33:46.418223,17708.79797020887,17712.48693689208,17694.11730857244,17708.125469542214,4450,17711.29983020503,103603,402400,321700,16600,18700,22373.0,724100,-4300.0,-8.190961288789822e-05,-8.191296766391076e-05,0.004812053130314,32.27765925552465,17704.790703508796,17710.44031402878,-0.0040690373890927,0.7994532803180915,724100,-4300.0,-2100,0.0015302058984401,2,SIDEWAYS,154.0,0.0004541810232012,-0.01246209,154,17708.137931632213,0.09299588500990799,False
2025-10-24 19:38:46.418223,17690.009574736257,17690.56789808942,17683.647812740714,17687.18052186184,1310,17686.568642305723,104506,394300,328000,18250,18150,903.0,722300,-1800.0,-0.0011827873998521,-0.0011834874449245,0.0043804332805356,31.720516223094343,17698.920642959813,17707.532840007912,-0.0085807066575199,0.8318539183362922,722300,-1800.0,100,0.0015143220556474,2,SIDEWAYS,155.0,-0.0018162696321867,-0.016251305,155,17687.19677316684,0.048966330333340274,False
2025-10-24 19:43:46.418223,17739.76466818793,17744.62169932603,17738.618790500437,17741.110743722435,580,17749.31811142119,126952,393500,317900,17750,16000,22446.0,711400,-10900.0,0.0030491135539627,0.0030444744349704,0.0047170653103648,33.557706311744184,17712.98400988069,17711.730077972228,-0.0041242279577001,0.8078780177890724,711400,-10900.0,1750,0.0015658075632801,2,SIDEWAYS,156.0,-0.0010025081365316,-0.010611865,156,17741.121355587435,0.16234474509605326,False
2025-10-24 19:48:46.418223,17752.555201428895,17754.8945515977,17744.580838488495,17745.142241197762,2620,17740.494499675304,84615,399200,326300,17000,19300,-42337.0,725500,14100.0,0.0002272404210517,0.000227214605859,0.0046885168134133,32.145284994852794,17723.703420319714,17715.90659837542,-0.0028285105307902,0.8173847695390781,725500,14100.0,-2300,0.0015573186584859,2,SIDEWAYS,157.0,0.0011166272081928,-0.0068967924,157,17745.149137990164,0.17081330550638213,False
2025-10-24 19:53:46.418223,17721.03771621086,17750.941755586882,17715.192000933417,17739.552113459176,970,17744.138041055376,92454,394900,325600,16600,19350,7839.0,720500,-5000.0,-0.0003150229884101,-0.0003150726185765,0.0046436988909295,32.4027471133251,17728.98631803287,17718.86228776089,-0.0041546751002596,0.8245125348189415,720500,-5000.0,-2750,0.0015558501464291,2,SIDEWAYS,158.0,0.002295440651463,-0.006357849,158,17739.558471308177,0.15905872350653574,False
2025-10-24 19:58:46.418223,17738.67591553386,17760.196406825482,17715.6979219475,17724.417026562816,980,17733.673592249845,156767,399200,329000,17750,17750,64313.0,728200,7700.0,-0.0008531831468775,-0.000853547314767,0.0044893598933526,33.26672838222918,17727.463220876183,17719.556630111132,-0.0027225238504802,0.8241482965931863,728200,7700.0,0,0.0015595484487279,2,SIDEWAYS,159.0,-0.0018646282867808,-0.002510359,159,17724.419536921818,0.1272285580258913,False
2025-10-24 20:03:46.418223,17712.937649682335,17735.715521529146,17711.822739548814,17714.573798860005,3580,17722.326565090785,64147,404200,313600,17250,17500,-92620.0,717800,-10400.0,-0.000555348460153,-0.0005555027232251,0.0043666993636937,32.597160782093674,17723.16674687079,17718.933776204743,-0.0013512686337504,0.7758535378525483,717800,-10400.0,-250,0.0015269474816523,2,SIDEWAYS,160.0,-0.0013456899845919,-0.010636459,160,17714.584435319004,0.10654989574048099,False
2025-10-24 20:08:46.418223,17734.039709672856,17756.384476653348,17729.81411874132,17751.983066197135,4890,17758.14947524265,60046,403000,317800,16650,17400,-4101.0,720800,3000.0,0.0021117791351852,0.0021095524639012,0.0045287142784898,33.25526914004003,17732.772186646238,17723.064937453793,0.0002818596719886,0.7885856079404466,720800,3000.0,-750,0.00153870929235,2,SIDEWAYS,161.0,0.00018347397158,-0.0022318424,161,17751.985298039537,0.18518658304828048,False
2025-10-24 20:13:46.418223,17765.064025777883,17774.871262796853,17753.47596827965,17765.124425614868,890,17777.126362791612,72339,387800,325100,19250,17300,12293.0,712900,-7900.0,0.0007402755719587,0.0007400017031482,0.0043245940184255,32.51476395858838,17743.556266302447,17728.32237347393,0.0033812843053748,0.8383187209902011,712900,-7900.0,1950,0.0015391103034272,2,SIDEWAYS,162.0,0.0013303448566295,0.006214637,162,17765.118210977867,0.21279901476914195,False
2025-10-24 20:18:46.418223,17743.385703086453,17757.27565153648,17733.772787929003,17741.699735138114,4120,17744.07915947013,122032,391500,317500,18200,16900,49693.0,709000,-3900.0,-0.0013185773381343,-0.0013194474261695,0.0043243387795374,32.43168351053666,17742.937422581002,17729.994543681954,0.0006019245978035,0.8109833971902938,709000,-3900.0,1300,0.0015496602921833,2,SIDEWAYS,163.0,-0.0025068347307807,0.0057484596,163,17741.693986678514,0.16354872299325893,False
2025-10-24 20:23:46.418223,17769.222260667437,17795.94390442863,17751.46607935886,17766.04649708545,3290,17761.47319968937,91234,396100,333400,18500,18000,-30798.0,729500,20500.0,0.0013722902715525,0.001371349541797,0.0043820725783345,33.989718209106606,17750.64044741582,17734.50103785739,0.0024268481657867,0.8417066397374401,729500,20500.0,500,0.0015519602038031,2,SIDEWAYS,164.0,0.0019263984142159,0.00032767223,164,17766.046169413217,0.214750081456039,False
2025-10-24 20:28:46.418223,17780.40566471361,17785.48356548856,17778.693286050297,17778.801946073472,2750,17783.078851394785,91227,402400,314500,16400,16750,-7.0,716900,-12600.0,0.0007179677814148,0.0007177101658459,0.0043173777616157,32.95024322296419,17760.027613635037,17740.0386513844,0.0016279874427334,0.7815606361829026,716900,-12600.0,-350,0.0015539696397184,2,SIDEWAYS,165.0,-0.0016674579385483,-0.005616844,165,17778.80756291747,0.24158137992378395,False
2025-10-24 20:33:46.418223,17802.522056946185,17816.91248487718,17791.87022414547,17814.742139571823,1570,17817.632961059717,80695,404100,315200,17450,19550,-10532.0,719300,2400.0,0.0020215194256263,0.0020194789047369,0.0044062877739745,33.3188357644458,17778.265788947298,17749.376587407827,0.0047172131238699,0.7800049492699827,719300,2400.0,-2100,0.0015365928942568,2,SIDEWAYS,166.0,0.0008121748258265,-0.0067661204,166,17814.748905692224,0.3171493729489572,False
2025-10-24 20:38:46.418223,17853.424263675905,17863.156240287113,17831.311648569543,17833.679609118088,2940,17825.926485187618,118368,391300,325800,16850,19450,37673.0,717100,-2200.0,0.0010630223776406,0.0010624577694446,0.0043584598857705,34.39706897522041,17796.73706233756,17759.914465121612,0.0070117648655994,0.8326092512139024,717100,-2200.0,-2600,0.0015411617535612,2,SIDEWAYS,167.0,-0.0005365811839077,-0.008020933,167,17833.68763005109,0.3569687363830261,False
2025-10-24 20:43:46.418223,17847.03241517395,17869.517257135918,17834.806289077216,17860.71603566073,3040,17858.25964463027,72648,403100,317700,16650,17600,-45720.0,720800,3700.0,0.00151603186416,0.0015148838479941,0.0043546957323457,34.499967478263976,17818.063386778616,17772.514661439003,0.0069740582732951,0.7881419002728851,720800,3700.0,-950,0.001550325110163,2,SIDEWAYS,168.0,0.001016714118829,-0.004190544,168,17860.720226204732,0.4138057624895139,False
2025-10-24 20:48:46.418223,17827.044156416952,17835.68798847212,17803.669310717574,17814.351682900164,820,17811.220137015313,88369,400100,324600,19650,19050,15721.0,724700,3900.0,-0.0025958843233382,-0.0025992594733139,0.0045139205068721,36.110450154327744,17816.826152152466,17777.74428912165,0.0060847137150299,0.8112971757060735,724700,3900.0,600,0.0015836622275453,2,SIDEWAYS,169.0,-0.0013050886028821,0.0021261103,169,17814.349556789864,0.3163097272168194,False
2025-10-24 20:53:46.418223,17803.451932041142,17804.43588714686,17800.790984319043,17801.078266078097,720,17800.28861242411,81487,403000,325900,16250,19750,-6882.0,728900,4200.0,-0.0007450968218398,-0.0007453745444383,0.0045445382063256,34.49975361338441,17811.576856794345,17780.661036241203,0.0049531932328548,0.8086848635235732,728900,4200.0,-3500,0.0015697006877893,2,SIDEWAYS,170.0,-0.000493723932467,0.009462708,170,17801.068803370097,0.28838645545472497,False
2025-10-24 20:58:46.418223,17781.856715644044,17787.425239893997,17777.266236368236,17778.040334255173,3820,17779.722985252574,46554,399700,318000,17050,19150,-34933.0,717700,-11200.0,-0.001294187435085,-0.0012950256188997,0.0043473995439864,33.73634476313275,17800.398015947954,17780.33344849295,0.0008761235242535,0.7955966975231423,717700,-11200.0,-2100,0.0015795691922891,2,SIDEWAYS,171.0,0.000694841990914,0.009940133,171,17778.030394122172,0.23994735399240455,False
2025-10-24 21:03:46.418223,17779.978116128375,17789.60386361896,17763.266051953487,17785.210348256725,1030,17787.098031562622,90435,391400,324800,17000,18800,43881.0,716200,-1500.0,0.0004033073312212,0.0004032260246802,0.0040262455559878,33.207878113299785,17795.33546005088,17780.943060963422,0.0040501807299226,0.8298415942769545,716200,-1500.0,-1800,0.0015800892508866,2,SIDEWAYS,172.0,-0.0001496578389885,0.010910449,172,17785.199437807725,0.255020531603554,False
2025-10-24 21:08:46.418223,17789.256848155812,17814.64769161181,17770.413894881996,17775.042125870335,3580,17774.444148237886,98816,390800,306600,18450,17950,8381.0,697400,-18800.0,-0.0005717234818864,-0.0005718869780757,0.0040276463891136,33.99544372876518,17788.571015324032,17780.205444076786,0.0040259355676481,0.7845445240532242,697400,-18800.0,500,0.0015149870687677,2,SIDEWAYS,173.0,-0.0013045110219651,0.005164023,173,17775.036961847334,0.23365355270946636,False
2025-10-24 21:13:46.418223,17796.819533363134,17808.558516079393,17793.902577158988,17800.932135128893,980,17797.79593909368,84489,407700,319100,19400,18450,-14327.0,726800,29400.0,0.0014565371533423,0.0014554774319943,0.0040629491911376,33.961225620214606,17792.69138859232,17782.7962804583,0.0044040476061664,0.7826833455972528,726800,29400.0,950,0.0015245735905884,2,SIDEWAYS,174.0,0.0020829079844855,-0.00030410162,174,17800.932439230513,0.28809974484367384,False
2025-10-24 21:18:46.418223,17819.09327487893,17847.171740732247,17806.388099958614,17837.128955876226,1270,17842.716178108523,94634,410100,317700,17500,18750,10145.0,727800,1000.0,0.0020334227709291,0.0020313581651834,0.0041524528131357,34.838252761867416,17807.50391102029,17789.58786488554,0.0051302820283847,0.7746891002194587,727800,1000.0,-1250,0.0015430008116788,2,SIDEWAYS,175.0,0.0015564547573494,0.0003146542,175,17837.128641222025,0.36420358873104536,False
2025-10-24 21:23:46.418223,17819.618996452962,17821.902943063906,17803.966432336158,17807.473375759106,3850,17811.65762552878,95147,401100,319100,16900,16900,513.0,720200,-7600.0,-0.0016625758657954,-0.0016639594788383,0.0041723131654461,34.71855781745317,17807.493732599898,17791.823553744736,0.0049902111543131,0.7955622039391673,720200,-7600.0,0,0.0015592171632473,2,SIDEWAYS,176.0,-0.0004309227865387,-0.006025407,176,17807.479401166107,0.30186497273139035,False
2025-10-24 21:28:46.418223,17858.69210313663,17865.190925496714,17851.286784182445,17860.38605515534,4820,17864.744015243163,97339,402100,319800,18300,17500,2192.0,721900,1700.0,0.0029713748986008,0.0029669690895897,0.0043084551597708,36.36134295460711,17825.124506785047,17800.393866421062,0.0097425619169653,0.7953245461328028,721900,1700.0,800,0.0015749318048756,2,SIDEWAYS,177.0,0.0013742158360605,-0.0047702664,177,17860.390825421742,0.41311318524699203,False
2025-10-24 21:33:46.418223,17851.782389775784,17858.90385654565,17840.237422248152,17845.873608883816,4070,17858.967186416303,78919,390600,322300,17400,16900,-18420.0,712900,-9000.0,-0.0008125494167208,-0.0008128797139317,0.0043319047266664,35.20329223693436,17832.040874151302,17806.078834228905,0.0094314497313452,0.8251408090117768,712900,-9000.0,500,0.0015675317943422,2,SIDEWAYS,178.0,-0.0002901247740263,-0.0086584715,178,17845.882267355315,0.38260840912774136,False
2025-10-24 21:38:46.418223,17924.950245175918,17945.435056774437,17922.340347727364,17928.76724866645,1710,17933.22904141521,77770,402600,315900,19650,19400,-1149.0,718500,5600.0,0.0046449751690142,0.0046342205622487,0.0049843043009904,39.80030335505483,17864.282998989685,17821.4148860336,0.0135548753760674,0.7846497764530551,718500,5600.0,250,0.0016646153028865,2,SIDEWAYS,179.0,0.0012660951419285,-0.015450972,179,17928.78269963845,0.556909612280239,False
2025-10-24 21:43:46.418223,17941.96014447463,17942.540025839007,17938.69853569115,17942.131918804254,4930,17943.746758552224,100938,394600,320700,16100,19800,23168.0,715300,-3200.0,0.000745431626862,0.0007451539307012,0.0049841153675896,37.94119434201939,17890.232638927875,17836.50451512993,0.0141458389906956,0.8127217435377597,715300,-3200.0,-3700,0.001650300187275,2,SIDEWAYS,180.0,0.0015226509395807,-0.012384969,180,17942.144303773253,0.5850028756397038,False
2025-10-24 21:48:46.418223,17919.085528095944,17924.087967156436,17911.6897814078,17913.338098701784,4080,17916.352164766995,70478,390400,316500,18900,19150,-30460.0,706900,-8400.0,-0.0016048159846764,-0.0016061050812083,0.0051088340453736,37.40554741733616,17897.934458852513,17846.108713076414,0.0114641887963065,0.8107069672131147,706900,-8400.0,-250,0.0016228919231036,2,SIDEWAYS,181.0,-0.0009656971043837,-0.019215131,181,17913.357313832785,0.5244771721714084,False
2025-10-24 21:53:46.418223,17890.503416990352,17911.479787369135,17868.24922247951,17894.867557380123,1390,17898.97703795414,95717,416100,313500,18100,18750,25239.0,729600,22700.0,-0.0010311054935652,-0.0010316374485341,0.0051386133898617,37.95435661768892,17896.912158361716,17852.203568614375,0.0110882275072521,0.7534246575342466,729600,22700.0,-650,0.0016114737742165,2,SIDEWAYS,182.0,0.0003963145568501,-0.017508568,182,17894.88506594812,0.4856385926543387,False
2025-10-24 21:58:46.418223,17903.63465027526,17924.1034167006,17901.64930366308,17919.78684494503,3950,17926.681267976164,132709,399600,327500,17000,17200,36992.0,727100,-2500.0,0.0013925382507025,0.0013915695684936,0.0051701351638421,37.33160681074522,17904.53705388949,17860.651478155705,0.0118698940190391,0.8195695695695696,727100,-2500.0,-200,0.0016096731819422,2,SIDEWAYS,183.0,-0.0029747610735708,-0.011673453,183,17919.798518398027,0.5380200413043301,False
2025-10-24 22:03:46.418223,17897.813439085443,17900.71698887015,17887.431091422503,17896.105058860867,2420,17899.444183435524,99223,400600,314700,17400,17500,-33486.0,715300,-11800.0,-0.0013215439608224,-0.0013224179701563,0.0052562090418161,36.97618871872959,17901.72638887995,17865.08317574385,0.0106154425911413,0.7855716425361957,715300,-11800.0,-100,0.0016180621801858,2,SIDEWAYS,184.0,-0.0010048758640704,-0.016043048,184,17896.121101908866,0.4882374036516291,False
2025-10-24 22:08:46.418223,17917.17144980473,17939.785338159352,17911.514975883765,17923.619463030645,4650,17916.756934462966,63468,401600,312700,16500,19750,-35755.0,714300,-1000.0,0.0015374520924682,0.001536271422994,0.0052175963983221,37.45505233156929,17909.024080263516,17872.4002116547,0.0133678140999669,0.7786354581673307,714300,-1000.0,-3250,0.0015725335067803,2,SIDEWAYS,185.0,-0.0018161056245525,-0.0053331037,185,17923.624796134347,0.5460649307538611,False
2025-10-24 22:13:46.418223,17930.073884396334,17951.51786013212,17918.009048222837,17918.479644552674,4260,17919.71558177471,103596,404700,319700,17100,18350,40128.0,724400,10100.0,-0.0002867623076117,-0.0002868034317842,0.004999966731313,37.17317801569173,17912.17593502657,17878.160140766948,0.0099976209715617,0.7899678774400791,724400,10100.0,-1250,0.0015606636742127,2,SIDEWAYS,186.0,0.0008730403008416,-0.015189051,186,17918.494833603672,0.5352789961501674,False
2025-10-24 22:18:46.418223,17928.294531753825,17935.86721366477,17912.947682384354,17919.720895221588,2930,17923.31286658636,116369,406900,316400,19400,18050,12773.0,723300,-1100.0,6.927209749574281e-05,6.926969829379459e-05,0.005001887654844,36.15506039174339,17914.690921758243,17883.355235073777,0.0098381095880155,0.7775866306217744,723300,-1100.0,1350,0.0015530988424155,2,SIDEWAYS,187.0,0.0023627372919803,-0.008290789,187,17919.729186010587,0.5378742674137068,False
2025-10-24 22:23:46.418223,17905.715693728933,17909.9948722577,17902.488710638998,17909.945079980764,1980,17920.534522520975,84093,398300,322800,18950,19850,-32276.0,721100,-2200.0,-0.000545533900778,-0.0005456827585366,0.005013555617914,34.80342640537529,17913.108974499082,17886.67896568715,0.0096052575302794,0.81044438865177,721100,-2200.0,-900,0.0015508465461428,2,SIDEWAYS,188.0,0.00253909470119,-0.0102885375,188,17909.955368518265,0.5173244572210868,False
2025-10-24 22:28:46.418223,17865.253900323012,17889.04598117436,17863.319779373367,17878.510955156682,1950,17877.871464173015,94020,404200,322600,19050,17050,9927.0,726800,5700.0,-0.0017551212292223,-0.0017566632590497,0.0051101489113216,35.64784599123396,17901.57630138495,17885.657964370843,0.0086938785271712,0.7981197427016329,726800,5700.0,2000,0.0015384364142896,2,SIDEWAYS,189.0,0.0016444091901821,-0.0093832845,189,17878.520338441183,0.4512311521239914,False
2025-10-24 22:33:46.418223,17853.470785893005,17868.907436248126,17845.086425189274,17856.645252159815,3650,17851.456499285392,82446,410200,309100,17000,19000,-11574.0,719300,-7500.0,-0.0012230158905129,-0.0012237643847896,0.0051612546797528,35.489037703817786,17886.59928497657,17882.031375344464,0.0080200322577872,0.7535348610433935,719300,-7500.0,-2000,0.0015253063210212,2,SIDEWAYS,190.0,0.0010113635407005,-0.007975492,190,17856.653227651816,0.40525474868331635,False
2025-10-24 22:38:46.418223,17876.59882441239,17881.245865400542,17861.891738379043,17873.80061800218,4270,17877.720577732107,90756,406600,307000,16300,16250,8310.0,713600,-5700.0,0.000960727258682,0.0009602660556193,0.0050638283924153,34.71129309931133,17882.333062651775,17881.00253067668,0.0068621940067645,0.7550418101328087,713600,-5700.0,50,0.0015285521745852,2,SIDEWAYS,191.0,-0.0022610119152753,-0.014757332,191,17873.81537533418,0.4413387944154328,False
2025-10-24 22:43:46.418223,17882.519472592023,17899.229058304147,17874.207317396245,17882.513136863865,1900,17890.736787429792,86689,403400,319800,19800,18500,-4067.0,723200,9600.0,0.0004874463494299,0.0004873275860504,0.0050572764049958,34.04823218521527,17882.39308738914,17881.19135645008,0.0066078181293083,0.7927615270203272,723200,9600.0,1300,0.0014942844303239,2,SIDEWAYS,192.0,-0.001123449570457,-0.011415265,192,17882.524552128863,0.45965015844543744,False
2025-10-24 22:48:46.418223,17849.313743613075,17853.059472154837,17832.75907354646,17838.15428363754,4570,17839.61653275603,108713,399100,313500,17350,17600,22024.0,712600,-10600.0,-0.0024805715442132,-0.0024836532591372,0.0052175602412031,35.17007726608609,17867.646819471942,17875.81172234851,0.005436601336928,0.7855174141819093,712600,-10600.0,-250,0.0015229472684653,2,SIDEWAYS,193.0,-0.0012342159264807,-0.013817142,193,17838.16810077954,0.3663890906218516,False
2025-10-24 22:53:46.418223,17854.129627335013,17861.995982153534,17849.685838833353,17859.526174834242,3350,17875.86612047611,133165,392600,322900,17750,17700,24452.0,715500,2900.0,0.001198099918684,0.00119738276973,0.0052051288452812,34.36090735536515,17864.939937926043,17873.776028909226,0.0052617039904814,0.8224656138563423,715500,2900.0,50,0.0015276935792976,2,SIDEWAYS,194.0,-0.0012707717208236,-0.013433206,194,17859.539608040242,0.4113234694439068,False
2025-10-24 22:58:46.418223,17864.630515132143,17872.5882515347,17859.830181699752,17872.511792206988,4350,17887.600649917873,101144,404100,316600,18600,17700,-32021.0,720700,5200.0,0.0007270975302269,0.0007268333228793,0.0052054516021803,32.839562308586096,17867.463889353025,17873.617999321446,0.0052708751927017,0.783469438257857,720700,5200.0,900,0.0015189280552607,2,SIDEWAYS,195.0,-7.811806565383161e-05,-0.0043462017,195,17872.516138408686,0.4386071010688864,False
2025-10-24 23:03:46.418223,17841.139939324905,17855.15309727724,17831.378637939175,17837.10703587826,3880,17840.28664621546,69165,407100,311500,17000,16450,-31979.0,718600,-2100.0,-0.0019809614194332,-0.0019829261185968,0.0052287530409223,33.431961734245135,17857.344938194772,17869.054128891046,0.0012554151012242,0.7651682633259641,718600,-2100.0,550,0.0015356079931493,2,SIDEWAYS,196.0,-0.0002676798169968,-0.0029629455,196,17837.10999882376,0.36416439240410153,False
2025-10-24 23:08:46.418223,17845.432813800944,17857.528206675157,17826.124949035842,17841.238761017197,1600,17845.806366972665,150588,398000,329200,17950,16200,81423.0,727200,8600.0,0.0002316365053272,0.0002316096817338,0.0051955425332058,33.28705429889296,17851.976212468915,17865.577207906816,0.0004238694461711,0.8271356783919598,727200,8600.0,1750,0.0015258927320027,2,SIDEWAYS,197.0,-0.004241098954299,-0.007260515,197,17841.2460215322,0.37286053203199954,False
2025-10-24 23:13:46.418223,17847.169492289788,17854.993843777294,17838.186953514858,17849.542079204242,1570,17860.441356633288,111657,400300,310800,17600,18050,-38931.0,711100,-16100.0,0.0004654003176722,0.0004652920525334,0.0051275554637638,32.10989972486035,17851.164834714025,17863.572816818996,-0.0006256163769794,0.7764176867349488,711100,-16100.0,-450,0.0015150554314825,2,SIDEWAYS,198.0,0.0016250602713754,0.0035372428,198,17849.538541961443,0.390295860753174,False
2025-10-24 23:18:46.418223,17816.775696833018,17821.26982934391,17807.811236922742,17812.88522804331,4160,17815.96774038376,115729,407300,309100,18700,16300,4072.0,716400,5300.0,-0.0020536577912348,-0.0020557694379572,0.0050442746906755,32.79710990747749,17838.404965823785,17857.236868222037,-8.231873283726099e-05,0.7589000736557819,716400,5300.0,2400,0.0015226012735966,2,SIDEWAYS,199.0,-0.0018091002130424,0.0053435224,199,17812.87988452091,0.3132196873019028,False
2025-10-24 23:23:46.418223,17826.518453157158,17840.450183111665,17822.739688352507,17825.928996019666,3300,17825.194094374347,98725,392200,321400,19400,19650,-17004.0,713600,-2800.0,0.0007322658743582,0.000731997898514,0.005041458145223,32.42338456182593,17834.246309222413,17853.32338419674,0.0013960238571011,0.8194798572157063,713600,-2800.0,-250,0.001524376747395,2,SIDEWAYS,200.0,0.0009452343422389,0.007870878,200,17825.921125141667,0.34063937460866917,False
2025-10-24 23:28:46.418223,17841.698431409095,17870.962561115535,17818.166286048323,17860.42973288518,990,17868.764830586348,104654,402600,317100,19600,17900,5929.0,719700,6100.0,0.0019354243401965,0.0019335538196205,0.0050884286249651,33.87859102649638,17842.974117110003,17854.211677782794,0.0046343352293591,0.7876304023845008,719700,6100.0,1700,0.0015032698522754,2,SIDEWAYS,201.0,0.0035527836245619,0.0034097773,201,17860.42632310788,0.41318782043564667,False
2025-10-24 23:33:46.418223,17870.885906980617,17883.709048569643,17865.981583711095,17868.678622923555,630,17874.74189179709,93163,385700,318600,19850,17250,-11491.0,704300,-15400.0,0.0004618528311883,0.0004617462099965,0.0050895021306433,33.1214999306369,17851.54228571452,17856.02004592539,0.0046931283371078,0.8260305937256935,704300,-15400.0,2600,0.0014563931552081,2,SIDEWAYS,202.0,-0.0022799275793783,0.009382659,202,17868.669240264557,0.4305188564547115,False
2025-10-24 23:38:46.418223,17899.335801869074,17902.444042016483,17892.67193812798,17896.128776512913,1830,17895.37349825135,118073,394400,323800,16300,16850,24910.0,718200,13900.0,0.0015362162009082,0.0015350374278799,0.0051297992790985,33.16749415651483,17866.404449313988,17861.03363724883,0.0068121723585872,0.8209939148073022,718200,13900.0,-550,0.0014643915876795,2,SIDEWAYS,203.0,-0.0046718194752405,0.0060667186,203,17896.122709794312,0.4882407842898242,False
2025-10-24 23:43:46.418223,17862.56356934795,17875.543182135243,17837.090462579075,17856.780191014466,1250,17861.84703902028,90451,404700,320800,18800,16550,-27622.0,725500,7300.0,-0.0021987205160307,-0.0022011412509819,0.005257322231948,35.015409854895005,17863.19636321415,17860.501956469536,0.0031373669345866,0.7926859402026192,725500,7300.0,2250,0.0014912472273574,2,SIDEWAYS,204.0,0.0005708918954525,9.643042e-05,204,17856.780094584046,0.4055214910671506,False
2025-10-24 23:48:46.418223,17837.631671607287,17844.96696720905,17825.236621241413,17844.26898274758,1330,17846.980987659863,109787,412300,313900,17200,18150,19336.0,726200,700.0,-0.0007006418924941,-0.000700887456734,0.0051501777486485,34.76742127762062,17856.88723639196,17858.47283475429,0.0004002901413684,0.7613388309483385,726200,700.0,-950,0.0014867837641118,2,SIDEWAYS,205.0,0.0023269067172233,0.0034904233,205,17844.26549232428,0.37920908025363237,False
2025-10-24 23:53:46.418223,17851.59602522562,17868.036432706922,17837.972473039867,17849.97845486047,3920,17851.48626561339,119388,400000,322600,19450,16250,9601.0,722600,-3600.0,0.0003199611101136,0.0003199099334736,0.0050561850823869,34.43145973400881,17854.5843092148,17857.411037267564,0.0023869236361866,0.8065,722600,-3600.0,3200,0.0014717858233358,2,SIDEWAYS,206.0,0.0027634788024335,0.011925849,206,17849.966529011468,0.39119571924243085,False
2025-10-24 23:58:46.418223,17865.5378313736,17873.506465099177,17850.776554559896,17859.7371320822,2070,17859.09861275161,124918,406000,321200,18150,16450,5530.0,727200,4600.0,0.0005467052661383,0.0005465558772606,0.0047714515789724,33.65264191291588,17856.301916837267,17857.701799119393,-3.63330933126349e-05,0.7911330049261084,727200,4600.0,1700,0.0014519733513295,2,SIDEWAYS,207.0,-0.0018872499097444,0.00793247,207,17859.7291996122,0.4117220926861471,False
2025-10-25 00:03:46.418223,17879.524364656478,17896.613489455915,17876.562153904066,17891.33650847555,3350,17895.56639495421,120638,400700,315700,18950,19500,-4280.0,716400,-10800.0,0.0017693080340239,0.001767744652362,0.004850096103427,33.88290730297304,17867.980114050028,17861.906137788916,0.0025475300670683,0.7878712253556277,716400,-10800.0,-550,0.0014639036194514,2,SIDEWAYS,208.0,0.0004010525743167,0.0008344924,208,17891.33567398315,0.4781758657068935,False
2025-10-25 00:13:46.418223,17998.917205995294,17999.14409015407,17986.5570668171,17993.513718971164,3630,17998.649283223393,131454,401200,325800,19250,19300,10816.0,727000,10600.0,0.0057109881336818,0.0056947422649109,0.0052092968981111,39.1632411869407,17909.82464902374,17878.357085436695,0.0036113174657632,0.8120638085742772,727000,10600.0,-50,0.001626444557041,1,TRANSITION,209.0,-0.0011869741672954,-0.0018968085,209,17993.515615779663,0.6930129455951662,False
2025-10-25 00:18:46.418223,18029.782056648422,18043.69309931715,18011.533842374105,18012.955402386895,1430,18020.98830302441,113285,395600,320200,16850,17100,-18169.0,715800,-11200.0,0.001080482873961,0.0010798995724687,0.005226284156104,39.950108269729775,17944.201566811458,17895.18187505547,0.0039473282162425,0.8094034378159757,715800,-11200.0,-250,0.0016295872302881,0,TRENDED_UP,210.0,0.0007486915189973,0.009441395,210,18012.945960991896,0.7338659599267885,False
2025-10-25 00:23:46.418223,18055.781748598587,18066.36145464767,18052.998521490645,18064.8774722448,3460,18069.745413166384,106111,407100,320100,18800,17700,-7174.0,727200,11400.0,0.0028824847837587,0.002878338390527,0.0053490307015735,40.91124712623308,17984.426868622573,17916.393824704137,0.0084595831724962,0.7862932940309506,727200,11400.0,1100,0.0016607131888968,1,TRANSITION,211.0,0.0033071296387963,0.012014538,211,18064.8654577068,0.8430286083623518,True
2025-10-25 00:28:46.418223,18073.613172950525,18093.4600167069,18062.002593501347,18067.4263056318,1430,18072.3877180947,108417,404500,322000,18150,17300,2306.0,726500,-700.0,0.0001410933116439,0.0001410833589172,0.0052937304688591,40.23597398904163,18012.09334762565,17935.272884820093,0.0096429184344821,0.796044499381953,726500,-700.0,850,0.0016558303475685,1,TRANSITION,212.0,-0.0007355044283899,0.012362824,212,18067.4139428078,0.848386891872907,True
2025-10-25 00:33:46.418223,18065.248763630883,18076.84490951253,18063.987324309503,18072.39018769477,1060,18073.070556791343,96832,403100,317300,19450,16900,-11585.0,720400,-6100.0,0.0002747420677964,0.0002747043331066,0.0052558311085014,38.28037479004053,18032.19229431536,17952.41254767943,0.0085159128325675,0.7871495906722897,720400,-6100.0,2550,0.0016554574255704,0,TRENDED_UP,213.0,-0.0004155437340636,0.005325534,213,18072.384862160772,0.8588384323550798,True
2025-10-25 00:38:46.418223,18086.007785884394,18086.52791914873,18067.529598193927,18068.19212939133,2130,18078.17131484677,90667,408200,313600,19500,19500,-6165.0,721800,1400.0,-0.0002322912608593,-0.0002323182446524,0.0051800249512014,36.903085230380825,18044.19223934069,17966.884995393415,0.0096158951886158,0.768250857422832,721800,1400.0,0,0.0016562177466526,1,TRANSITION,214.0,0.0001359697701037,0.006496358,214,18068.18563303333,0.8500093989101559,True
2025-10-25 00:43:46.418223,18065.234600642794,18083.01459119204,18056.484072923035,18073.29709080293,3690,18072.311033468603,92629,403000,316600,17150,17500,1962.0,719600,-2200.0,0.0002825385835529,0.0002824986770431,0.0051299904824336,36.16218759028239,18053.893856494768,17980.186507319606,0.0083508594947026,0.7856079404466502,719600,-2200.0,-350,0.0016441992062066,1,TRANSITION,215.0,0.0016246247088067,0.006388474,215,18073.29070232893,0.8607429945729764,True
2025-10-25 00:48:46.418223,18058.999053860287,18060.90128466718,18039.33493176241,18048.062777497813,1470,18042.944390199675,125762,401500,308000,16400,16300,33133.0,709500,-10100.0,-0.0013962207990239,-0.0013971964235146,0.0052095535962291,36.00504269387095,18051.950163495785,17988.671041091882,0.0072318151715808,0.7671232876712328,709500,-10100.0,100,0.001621110333827,0,TRENDED_UP,216.0,0.0004163275445121,0.00120479,216,18048.06157270781,0.8076978230781842,True
2025-10-25 00:53:46.418223,18046.03652847159,18054.521548454137,18041.57936152983,18052.63022646478,650,18050.44053188388,101621,394500,321200,16050,17750,-24141.0,715700,6200.0,0.0002530714250761,0.0002530394079052,0.0052085788270054,34.35769585318768,18052.17685115212,17996.665939263494,0.0074169308785736,0.8141951837769328,715700,6200.0,-1700,0.0016210979177696,1,TRANSITION,217.0,0.0003988703883412,0.0006639076,217,18052.62956255718,0.8173021894826208,True
2025-10-25 00:58:46.418223,18048.43340356445,18058.413339234725,18045.16350068379,18048.562206821603,3930,18057.77201222609,105634,397600,325100,17550,16800,4013.0,722700,7000.0,-0.0002253422128599,-0.000225367606232,0.005195374673434,32.84999176016965,18050.97196970861,18003.15297270826,0.0077396734731354,0.8176559356136821,722700,7000.0,750,0.0016205751485792,1,TRANSITION,218.0,0.0001005513666207,-0.00016572385,218,18048.562372545453,0.8087507731272441,True
2025-10-25 01:03:46.418223,18111.38736825172,18113.50502434191,18096.034273757195,18102.74878507645,1270,18108.861528420588,101202,406500,311500,19250,17100,-4432.0,718000,-4700.0,0.003002265644981,0.0029977678456241,0.0052822119394733,35.14233645732229,18068.23090816456,18015.60244925429,0.0125423101779675,0.7662976629766297,718000,-4700.0,2150,0.0016505953732035,0,TRENDED_UP,219.0,-5.136555868245907e-05,0.00021923834,219,18102.74856583811,0.9226792343553641,True
2025-10-25 01:08:46.418223,18060.910807516808,18070.26133311188,18056.40473613793,18057.23508424521,3950,18067.953548169862,86641,414900,323200,16600,16350,-14561.0,738100,20100.0,-0.0025141872856766,-0.0025173531620481,0.0054656583393574,35.94245877740766,18064.565633524777,18020.80652862816,0.0112333436237768,0.7789828874427573,738100,20100.0,250,0.0016878878527884,1,TRANSITION,220.0,-0.0009634105726686,-0.0011147751,220,18057.23619902031,0.8269878118116737,True
2025-10-25 01:13:46.418223,18079.69290203092,18093.45758253083,18069.91256226461,18085.89711549831,1210,18082.33572279261,57063,396900,319600,16600,18500,-29578.0,716500,-21600.0,0.0015872879274914,0.0015860295174725,0.0054998574647534,35.962461599422866,18071.676127515955,18028.94285198692,0.0118663345322598,0.8052406147644243,716500,-21600.0,-1900,0.0016798103400721,0,TRENDED_UP,221.0,0.0022555544787146,0.004490146,221,18085.89262535231,0.8872390004985943,True
2025-10-25 01:18:46.418223,18036.190009305206,18049.99189436631,18032.553121683537,18037.144975543863,3190,18053.30743826313,115374,405900,323700,17050,19950,58311.0,729600,13100.0,-0.0026955887033477,-0.0026992283446976,0.0057749418029878,37.20399961480489,18060.16574352526,18029.968117431537,0.0086470977259471,0.7974870657797487,729600,13100.0,-2900,0.0017230317143455,1,TRANSITION,222.0,-0.0014634636365096,0.0021536942,222,18037.142821849662,0.7847407484395649,False
2025-10-25 01:23:46.418223,18023.60698334485,18029.700276441603,18022.845242777235,18028.873598282844,3360,18030.94502110724,113255,398300,329000,19250,16400,-2119.0,727300,-2300.0,-0.0004585746398464,-0.0004586798173527,0.0055594625936357,35.56798055422077,18049.73502844445,18029.83130253795,0.0106916506950633,0.8260105448154658,727300,-2300.0,2850,0.001713270973551,0,TRENDED_UP,223.0,0.000935780266007,0.0034885793,223,18028.870109703545,0.7673470673610657,False
2025-10-25 01:28:46.418223,18053.25179864709,18079.113870847068,18045.03562128029,18071.09238841576,1150,18065.163208057373,99770,390600,324600,17850,16750,-13485.0,715200,-12100.0,0.0023417319946672,0.0023389944132539,0.0056550227055186,36.61600141207815,18056.85414843489,18034.98893827268,0.01184612690787,0.8310291858678955,715200,-12100.0,1100,0.0017283249921948,1,TRANSITION,224.0,-0.0007221388258342,-0.0033327066,224,18071.09572112236,0.8561279659818666,True
2025-10-25 01:33:46.418223,18055.17312845278,18064.179338386428,18039.3962812652,18041.051801895697,4170,18056.544283614418,78195,390700,319200,19150,16950,-21575.0,709900,-5300.0,-0.0016623558706011,-0.0016637391172995,0.0057706646105424,36.264580393398106,18051.586699588494,18035.74679622556,0.0094301244082657,0.8169951369337087,709900,-5300.0,2200,0.0017454500375811,0,TRENDED_UP,225.0,0.0021871645785267,-0.0071942736,225,18041.058996169297,0.7929746487567058,False
2025-10-25 01:38:46.418223,18026.1886670546,18043.3517502204,18015.290045002213,18040.76475655016,1170,18037.28233548923,136416,387900,325400,18050,16400,58221.0,713300,3400.0,-1.5910676865682483e-05,-1.5910803440988275e-05,0.0056142455705361,35.67866073802595,18047.979385242383,18036.37404126613,0.0114176430214976,0.8388759989688064,713300,3400.0,1650,0.0017300707205909,1,TRANSITION,226.0,-9.308468883351129e-05,-0.00060459285,226,18040.76536114301,0.7923572703310469,False
2025-10-25 01:43:46.418223,18007.03780957365,18014.816043686864,18006.526934755395,18007.977380229968,2420,18009.429386603402,93176,397600,315700,17800,17350,-43240.0,713300,0.0,-0.0018174050137363,-0.0018190584978992,0.0057524314177078,35.575743670650255,18034.64538357158,18032.824458636613,0.009345686218666,0.7940140845070423,713300,0.0,450,0.0017459312212605,0,TRENDED_UP,227.0,-0.0037433390471894,-0.0003308762,227,18007.977711106167,0.7234200320975193,False
2025-10-25 01:48:46.418223,18025.58373741235,18028.2132972408,18016.461087702988,18017.4831838499,1040,18019.974539227023,104965,393200,327200,16200,17000,11789.0,720400,7100.0,0.0005278662572272,0.0005277269848438,0.0057531085617615,34.480041766377525,18028.92465033102,18030.90679928828,0.0094087066155785,0.832146490335707,720400,7100.0,-800,0.0017375986435478,1,TRANSITION,228.0,0.0038627249204945,0.005569314,228,18017.477614535903,0.7433939279148563,False
2025-10-25 01:53:46.418223,18006.026682931446,18006.565298499812,17992.377865831193,17994.049851610584,4280,18000.045917842228,85937,392500,321900,18450,16850,-19028.0,714400,-6000.0,-0.0013005885450373,-0.0013014350443629,0.0056640188346554,33.810418641544004,18017.29971742421,18026.29968082856,0.0101704255794599,0.8201273885350319,714400,-6000.0,1600,0.0017107197034577,0,TRENDED_UP,229.0,-0.0017091523137563,0.005668362,229,17994.044183248585,0.6941242781086776,False
2025-10-25 01:58:46.418223,18012.0540905018,18016.49910705049,18002.067262770135,18010.350867147652,2170,18009.677441347896,73005,404000,314300,19150,17700,-12932.0,718300,3900.0,0.0009059114358076,0.0009055013456933,0.0056689501742558,32.99890698428426,18014.98343399869,18024.306079118447,0.0103457088362219,0.777970297029703,718300,3900.0,1450,0.001709067370209,1,TRANSITION,230.0,-0.0018127359946253,0.0036648824,230,18010.347202265253,0.7284019742721681,False
2025-10-25 02:03:46.418223,18013.46553000863,18024.387825705828,18004.28836067709,18021.76658626957,4580,18030.990017712527,111792,401300,326700,16300,18300,38787.0,728000,9700.0,0.0006338421281253,0.0006336413350478,0.0055942060802379,32.07751827317391,18017.24448475565,18023.988642512337,0.0090332010929912,0.8141041614752056,728000,9700.0,-2000,0.0016986774309372,1,TRANSITION,231.0,-0.0012353976280184,0.0038312539,231,18021.76275501567,0.7524035931328816,False
2025-10-25 02:08:46.418223,17996.047720419952,18014.003562994265,17989.553647768706,17994.900030391447,740,18002.567492656417,69983,397800,317400,17950,18700,-41809.0,715200,-12800.0,-0.0014907837003388,-0.0014918960239871,0.0056854018848977,32.08719114658027,18009.796333300917,18020.352565997226,0.00706383556006,0.7978883861236803,715200,-12800.0,-750,0.0017129034245802,0,TRENDED_UP,232.0,0.0028006240901641,0.0049230247,232,17994.89510736675,0.6959133773148295,False
2025-10-25 02:13:46.418223,18054.195200129605,18077.965767484307,18048.63321299816,18067.83654317377,1800,18071.553459337363,104580,399800,318200,18850,16550,34597.0,718000,2800.0,0.0040531768811797,0.0040449848880363,0.0060473280161769,35.72851585702883,18029.1430699252,18026.288063144293,0.0095946877006276,0.7958979489744873,718000,2800.0,2300,0.0017802304388691,1,TRANSITION,233.0,-0.0033184109828239,0.0027649119,233,18067.83377826187,0.8492696113323198,True
2025-10-25 02:18:46.418223,18071.55142601365,18079.94936618165,18049.04674551081,18058.438927958177,3740,18069.225212407586,104638,392900,320900,18250,18900,58.0,713800,-4200.0,-0.0005201295237056,-0.0005202648379896,0.005885483392352,35.38380905801537,18038.9083559362,18030.30692124603,0.011293118624218,0.8167472639348434,713800,-4200.0,-650,0.0017762424492755,0,TRENDED_UP,234.0,0.0048628791582401,0.008816914,234,18058.430111044177,0.8294980556848012,True
2025-10-25 02:23:46.418223,18016.918686814697,18018.109033903595,18010.514569516756,18016.80978401952,1510,18020.04637748676,77604,397000,319200,16350,16700,-27034.0,716200,2400.0,-0.0023052459907931,-0.0023079071608869,0.0060532699245235,36.279562585401536,18031.542165297305,18028.619779092714,0.0096692557951663,0.8040302267002519,716200,2400.0,-350,0.001790326113902,1,TRANSITION,235.0,0.0015131943856303,0.016663594,235,18016.79312042552,0.7419547539117178,False
2025-10-25 02:28:46.418223,18022.138610364644,18026.85798943121,17997.80596309292,18010.85320623968,4230,18012.965991779594,74071,397400,324300,18400,16800,-3533.0,721700,5500.0,-0.0003306122366414,-0.0003306669009148,0.006064663391254,35.763309996322114,18024.645845611427,18026.39895748609,0.0090126019919876,0.8160543532964267,721700,5500.0,1600,0.0017754268326489,1,TRANSITION,236.0,0.0005022888304153,0.022798946,236,18010.83040729368,0.7294179305887362,False
2025-10-25 02:33:46.418223,18004.437319427027,18019.943217138563,18001.600883016265,18007.71081314606,3310,18022.10673234777,84591,398900,321500,18850,17000,10520.0,720400,-1300.0,-0.0001744721950502,-0.0001744874170945,0.0060687041863159,34.51895457674902,18019.00083478964,18024.062939443585,0.0082853224529295,0.8059664076209576,720400,-1300.0,1850,0.0017380513415103,0,TRENDED_UP,237.0,0.0003980408704855,0.020351281,237,18007.69046186506,0.7228160800196971,False
2025-10-25 02:38:46.418223,18027.65369329554,18045.38481474307,18025.47747998962,18035.647942662352,3450,18040.85520959369,87448,409300,324000,17050,17150,2857.0,733300,12900.0,0.0015513981652737,0.0015501959903474,0.0060519412909641,34.74431507819622,18024.549870747207,18025.511064845927,0.0080659951881425,0.7915954067920841,733300,12900.0,-100,0.0017429310667049,1,TRANSITION,238.0,-1.048758840771491e-06,0.014844243,238,18035.633098419352,0.7815664994871365,False
2025-10-25 02:43:46.418223,18006.41555572355,18024.61822896413,17989.424379982484,18002.627349870054,3430,18000.90458097764,69405,393000,318800,16750,19200,-18043.0,711800,-21500.0,-0.0018308514835327,-0.0018325295406054,0.0052500698306067,35.56426133545852,18017.24236378816,18022.650600473946,0.0005064953427791,0.8111959287531807,711800,-21500.0,-2450,0.0016605903470404,0,TRENDED_UP,239.0,-1.7292995195483662e-05,0.010254969,239,18002.617094901056,0.712149139673238,False
2025-10-25 02:48:46.418223,18003.496868385257,18004.40857193624,17975.509411529918,17980.05439037906,4710,17979.064034885814,77497,402000,321700,16800,16400,8092.0,723700,11900.0,-0.0012538702852812,-0.0012546570383538,0.0052598401279787,35.08818269766313,18004.846372651795,18017.32607421208,-0.0018265193730216,0.8002487562189055,723700,11900.0,400,0.0016668368821131,1,TRANSITION,240.0,0.0021862246699626,0.0073363907,240,17980.04705398836,0.6646947998352042,False
2025-10-25 02:53:46.418223,18017.31951232673,18024.503425315816,18013.389613288684,18019.111768490337,3120,18022.81807350064,101518,395600,334000,19850,18400,24021.0,729600,5900.0,0.0021722613993968,0.0021699054508097,0.0051407825380272,35.75681500045542,18009.601504597977,18017.54928599686,-0.0025334079251175,0.8442871587462083,729600,5900.0,1450,0.0016750810412581,1,TRANSITION,241.0,0.0009828108955214,0.0051017585,241,18019.106666731837,0.7468190699790114,False
2025-10-25 02:58:46.418223,18040.913001690977,18053.573550799705,18030.1703911527,18044.852582799133,4630,18035.48009570117,139792,394500,315700,18700,16750,38274.0,710200,-19400.0,0.001428528477958,0.0014275091018429,0.0052116591790792,35.664312665377786,18021.351863998363,18020.962198097142,-0.0012494155199975,0.8002534854245881,710200,-19400.0,1950,0.001677053570301,0,TRENDED_UP,242.0,0.0008995921366632,0.0038940846,242,18044.848688714534,0.8009426164985003,True
2025-10-25 03:03:46.418223,18008.640645791205,18012.894574409696,18002.52916084327,18012.28104526975,1690,18012.463026234956,120152,398800,322700,19900,18900,-19640.0,721500,11300.0,-0.0018050320655117,-0.0018066630988986,0.0053035361894936,36.139963328983775,18018.328257755493,18019.87705399372,-0.0033260206204461,0.8091775325977933,721500,11300.0,1000,0.0016873653308374,1,TRANSITION,243.0,-0.0024197678543127,0.009650447,243,18012.27139482275,0.7324476597846795,False
2025-10-25 03:08:46.418223,17999.78704043675,18014.186669523457,17991.424912306396,18010.908948577333,4520,18013.96867427147,103210,403100,319300,16500,17700,-16942.0,722400,900.0,-7.617562089812235e-05,-7.617852240748846e-05,0.0053030823982733,35.184377178132095,18015.855154696103,18018.756040816672,-0.0031703880722417,0.7921111386752667,722400,900.0,-1200,0.0016773777236195,1,TRANSITION,244.0,0.0004665373580372,0.0011664828,244,18010.90778209453,0.7295806139488888,False
2025-10-25 03:13:46.418223,17987.148106048986,18005.973436659955,17967.32207272822,17977.515505466297,2800,17980.209269763192,122566,398800,309000,19200,18600,19356.0,707800,-14600.0,-0.0018540676212609,-0.0018557885320849,0.0053899186530196,35.78455565463069,18003.075271619506,18013.600973897876,-0.0052996188163904,0.7748244734202607,707800,-14600.0,600,0.0016855177759703,0,TRENDED_UP,245.0,-0.001444343603923,-0.0014081696,245,17977.516913635896,0.6593750868321037,False
2025-10-25 03:18:46.418223,17969.70914223873,17989.409457722093,17966.593450052085,17975.820785023137,3400,17972.63487683951,123109,401600,323500,17850,17700,543.0,725100,17300.0,-9.42688906397926e-05,-9.42733342323976e-05,0.005341677860842,34.8582307985862,17993.990442754053,18008.878450288532,-0.0040027560500701,0.8055278884462151,725100,17300.0,150,0.0016850488339387,1,TRANSITION,246.0,0.0030333745014714,0.006109511,246,17975.814675512138,0.6557960686671586,False
2025-10-25 03:23:46.418223,18017.53943075976,18038.73328078509,18012.262159013262,18028.28245632353,2100,18029.46232200253,93900,400200,313400,16600,18850,-29209.0,713600,-11500.0,0.0029184576285996,0.0029142071989269,0.005615167486297,36.86210686739814,18005.421113943878,18011.303951042908,-0.0013487104004132,0.7831084457771115,713600,-11500.0,-2250,0.0017250591222108,0,TRENDED_UP,247.0,0.0003497221620758,0.0006007006,247,18028.28185562293,0.7661102415546507,False
2025-10-25 03:28:46.418223,18028.66820257508,18037.44006516056,18010.639622612387,18012.635419864444,2100,18022.61336018839,105157,400300,318800,19550,17950,11257.0,719100,5500.0,-0.0008679160922285,-0.0008682929494696,0.0056340604354121,36.14341655888213,18007.825882584068,18011.4703846456,-0.0019905622700283,0.7964026979765176,719100,5500.0,1600,0.0017276087589826,1,TRANSITION,248.0,-0.003160180576761,0.010333807,248,18012.625086057444,0.7331913085939044,False
2025-10-25 03:33:46.418223,17994.78228679577,18004.669241764444,17981.817211399495,17997.658319303267,1270,18006.512171009832,119557,407300,316700,16650,18100,14400.0,724000,4900.0,-0.0008314774719005,-0.0008318233410289,0.0053493379058985,35.76304455217261,18004.436694823802,18009.74387647781,-0.0058052214622684,0.7775595384237662,724000,4900.0,-1450,0.0017148842149957,1,TRANSITION,249.0,-0.0003547291500985,0.002994088,249,17997.655325215266,0.7017168367023084,False
2025-10-25 03:38:46.418223,18019.75463521429,18021.58576623164,18006.575397258224,18015.212036790897,870,18019.331844085827,122289,391300,320300,18700,17700,2732.0,711600,-12400.0,0.000975333411503,0.0009748580829143,0.0052078717833998,34.917644721901254,18008.0284754795,18010.427396516945,-0.0023272138429973,0.8185535394837721,711600,-12400.0,1000,0.0017093672149725,0,TRENDED_UP,250.0,-0.0001554495038237,0.0046706325,250,18015.207366158396,0.7386206473328817,False
2025-10-25 03:43:46.418223,18077.38790300329,18081.52430988609,18066.45864869419,18076.65104451101,4430,18079.892676240903,122481,399000,318100,17900,16850,192.0,717100,5500.0,0.0034103960361191,0.0034045938237117,0.0054985688308216,37.16011817713623,18030.902665156675,18018.705352516205,-0.0005112309844652,0.7972431077694235,717100,5500.0,1050,0.001757518874401,1,TRANSITION,251.0,0.0005914004250962,0.0007188892,251,18076.65032562181,0.8678067259186472,True
2025-10-25 03:48:46.418223,18105.5870606739,18110.415796696347,18087.95817132265,18108.73450409473,4900,18111.478194232543,79459,403300,322000,18300,16450,-43022.0,725300,8200.0,0.0017748563882056,0.0017732831917953,0.0053541999805575,36.91759203486452,18056.84661146936,18029.95899646352,0.0039690055520389,0.7984130919910737,725300,8200.0,1850,0.0017690331937873,1,TRANSITION,252.0,-0.0013244721812719,0.0119436765,252,18108.722560418228,0.9352397773376367,True
2025-10-25 03:53:46.418223,18064.55106282412,18078.181949950183,18051.31473267969,18060.150280186263,770,18065.04264881526,123501,408300,321000,16400,16750,44042.0,729300,4000.0,-0.0026829165725236,-0.0026865220434206,0.005582823565089,38.38203341916273,18057.947834374994,18033.73290692886,0.0017348106487582,0.7861866274797943,729300,4000.0,-350,0.0017744534539094,0,TRENDED_UP,253.0,0.0030645665445039,0.012536817,253,18060.13774336926,0.8330884153561195,True
2025-10-25 03:58:46.418223,18051.615135517382,18057.08122083495,18038.20312061246,18045.51632442289,1490,18049.68070001606,137161,400200,328800,18250,18150,13660.0,729000,-300.0,-0.0008102898113437,-0.0008106182735776,0.0054368264534683,37.2081138587799,18053.80399772429,18035.20583411561,-0.0014153025972719,0.8215892053973014,729000,-300.0,100,0.0017743771389029,1,TRANSITION,254.0,2.273576417621825e-05,0.007976179,254,18045.50834824389,0.8023295748830481,True
2025-10-25 04:03:46.418223,18086.133301062328,18091.04160160808,18078.38361416352,18086.442143649947,3430,18091.81819915349,129868,398300,320900,19400,18500,-7293.0,719200,-9800.0,0.0022679217646806,0.0022653539118415,0.0055051128786413,37.80219695352362,18064.683379699512,18041.610372807405,0.0025159476427798,0.805674114988702,719200,-9800.0,900,0.0017935346105073,0,TRENDED_UP,255.0,-0.0001020076478819,0.010347613,255,18086.431796036948,0.8883726266625217,True
2025-10-25 04:08:46.418223,18067.12565102617,18071.012877302383,18056.68596696959,18057.30394653067,4490,18063.63372230061,78289,392600,320100,18100,16700,-51579.0,712700,-6500.0,-0.0016110519077136,-0.0016123510473455,0.0055894983319228,37.2274812197259,18062.223568643232,18043.57206952281,0.0009167676760766,0.8153336729495669,712700,-6500.0,1400,0.001786520288085,1,TRANSITION,256.0,-0.0004330024327899,0.016412327,256,18057.287534203668,0.8270957459198189,True
2025-10-25 04:13:46.418223,18079.33826008793,18092.75364130909,18069.26277983468,18069.522760189724,1730,18066.57142443949,73260,398800,311400,17300,18650,-5029.0,710200,-2500.0,0.0006766687704453,0.0006764399333576,0.0054919679899742,37.100496473918405,18064.656632492064,18046.815905856176,0.0034176731045498,0.7808425275827482,710200,-2500.0,-1350,0.0017875574399699,0,TRENDED_UP,257.0,-0.0005680394869962,0.012133093,257,18069.510627096723,0.8527952475849945,True
2025-10-25 04:18:46.418223,18100.53878065009,18108.57462622672,18098.86359705932,18106.68729187744,4540,18108.623247883155,109304,396300,319200,19800,19900,36044.0,715500,5300.0,0.002056752255217,0.0020546400360093,0.0055987205987358,37.23988001413799,18078.66685228719,18054.29982910884,0.004950974956785,0.805450416351249,715500,5300.0,-100,0.0018030845057374,1,TRANSITION,258.0,-0.0010773331030192,-0.0013240973,258,18106.688615974737,0.9309633344545057,True
2025-10-25 04:23:46.418223,18075.570111902634,18086.475177053053,18054.238887629603,18065.187558339312,1410,18069.87319329245,129496,404800,319600,19150,16000,20192.0,724400,8900.0,-0.0022919561634414,-0.0022945867151431,0.0057137181303168,38.32620317368786,18074.173754304567,18055.660795262644,0.0039534016697393,0.7895256916996047,724400,8900.0,3150,0.0018084901650125,1,TRANSITION,259.0,-0.0015698862611801,0.00028716528,259,18065.187271174033,0.8437052329948695,True
2025-10-25 04:28:46.418223,18074.136992298725,18093.96422246397,18062.93475052253,18080.158504009283,3040,18078.53580032732,104523,403700,318500,19350,16350,-24973.0,722200,-2200.0,0.0008287179760311,0.0008283747788855,0.0057103704598498,37.80500808567,18076.16867087281,18058.723008855974,0.0038759731765674,0.788952192221947,722200,-2200.0,3000,0.0018089823404383,0,TRENDED_UP,260.0,0.0006916815887578,-0.0014310243,260,18080.159935033582,0.8751858085870946,True
2025-10-25 04:33:46.418223,17986.65546623777,18000.30666052655,17981.188958862116,17990.815701340893,1460,17990.77708574059,95300,411000,322800,18650,16200,-9223.0,733800,11600.0,-0.0049414833751916,-0.0049537328746254,0.006392689240112,42.17390359006265,18047.71768102884,18050.234595416587,-0.0017174168126368,0.7854014598540145,733800,11600.0,2450,0.001914856757296,1,TRANSITION,261.0,0.0018576490299579,0.0003641484,261,17990.815337192493,0.6873355107057656,False
2025-10-25 04:38:46.418223,17959.21831928797,17960.352154208824,17933.840268637196,17943.721249378348,550,17946.137030293423,98196,402200,320500,18300,16750,2896.0,722700,-11100.0,-0.0026176940914932,-0.0026211262435307,0.0065093549651657,43.23115566960797,18013.052203812007,18036.920427161807,-0.0028440714272746,0.7968672302337145,722700,-11100.0,1550,0.0019466619301387,0,TRENDED_UP,262.0,0.00080456187818,0.00090217346,262,17943.72034720489,0.5883165648303289,False
2025-10-25 04:43:46.418223,17952.59524315739,17961.43379756069,17940.085317817025,17946.513221180165,2180,17949.19352579653,120409,402500,325900,17800,19500,22213.0,728400,5700.0,0.000155596030668,0.0001555839268618,0.0060378113557434,41.66810738918347,17990.87254293473,18025.619526414102,-0.0067148782148708,0.8096894409937888,728400,5700.0,-1700,0.0019371870365988,1,TRANSITION,263.0,0.0013258006373439,0.0030126492,263,17946.510208530966,0.5941823507179465,False
2025-10-25 04:48:46.418223,17919.20444053563,17937.008120134036,17898.376062981402,17929.903185794414,4320,17934.65426653119,93567,400000,321000,17400,16150,-26842.0,721000,-7400.0,-0.0009255299445102,-0.0009259585118037,0.0060489213915765,42.13018244701053,17970.54942388796,18013.65498383664,-0.0071177659750403,0.8025,721000,-7400.0,1250,0.0019190158819658,0,TRENDED_UP,264.0,-0.0001356734455651,-0.0017493299,264,17929.904935124312,0.5592691536000971,False
2025-10-25 04:53:46.418223,17963.315103801644,17967.119721202198,17949.754122983006,17954.502610999218,3200,17953.525720357098,109619,391900,321200,18550,16550,16052.0,713100,-7900.0,0.001371977581245,0.0013710372799522,0.0059889292838053,41.77920765849437,17965.200486258378,18006.260937231964,-0.0034582800044636,0.8195968359275325,713100,-7900.0,2000,0.0019235798602928,0,TRENDED_UP,265.0,2.768056968283084e-05,-0.0023636208,265,17954.504974620017,0.6109916400047013,False
2025-10-25 04:58:46.418223,17925.000536050204,17937.239882401278,17912.26046025394,17920.838312724783,1570,17929.626801804,97392,406800,326900,19400,17500,-12227.0,733700,20600.0,-0.001874978048894,-0.0018767380205186,0.0060719716183935,41.81227502183607,17950.413095080512,17995.583109168565,-0.0049978139560713,0.8035889872173058,733700,20600.0,1900,0.0019402067387561,1,TRANSITION,266.0,-0.0009909754533113,-0.0018772433,266,17920.840189968083,0.5402101940327304,False
2025-10-25 05:03:46.418223,17913.351876179,17926.217315280384,17912.40165673818,17917.490405863522,4360,17920.122077273907,82233,396900,322300,19000,17600,-15159.0,719200,-14500.0,-0.0001868164202387,-0.0001868338725987,0.006071980817768,39.81251670186235,17939.438865341515,17985.821521255435,-0.0050100986304529,0.8120433358528597,719200,-14500.0,1400,0.0019394381588116,0,TRENDED_UP,267.0,0.0022512635614049,-0.0003124053,267,17917.490718268822,0.5331678067854303,False
2025-10-25 05:08:46.418223,17917.044393166758,17930.366557375033,17905.99489745435,17924.062414432756,3480,17928.427986715447,80666,400600,312100,19900,19800,-1567.0,712700,-6500.0,0.0003667929168853,0.0003667256648078,0.0059963648549271,38.70959836034945,17934.313381705262,17978.1016329026,-0.0061869431353029,0.7790813779331004,712700,-6500.0,100,0.0019268461412989,0,TRENDED_UP,268.0,0.0012129972349084,-0.0019165898,268,17924.064331022557,0.5469890689969624,False
2025-10-25 05:13:46.418223,17956.00088955198,17967.738456038333,17953.67355019628,17953.742573321193,960,17955.341358899896,110506,398100,327600,19050,17650,29840.0,725700,13000.0,0.001655883482337,0.0016545140188561,0.006008046380195,39.06434430643712,17940.789778910574,17975.05675045492,-0.0027154245654712,0.8229088168801808,725700,13000.0,1400,0.0017913767598045,1,TRANSITION,269.0,0.0023569232574822,-0.0024511428,269,17953.74502446399,0.6093938168946994,False
2025-10-25 05:18:46.418223,17917.548168533438,17931.86314400192,17908.721356325234,17912.19520968615,1480,17917.043955399713,45891,413700,323600,19600,16500,-64615.0,737300,11600.0,-0.0023141338618044,-0.0023168156076476,0.0061070307356179,39.48983521283158,17931.258255835768,17967.199057858823,-0.0037741365637481,0.7822093304326807,737300,11600.0,3100,0.0018090705160585,1,TRANSITION,270.0,0.0007674521882072,0.0011898553,270,17912.19401983085,0.5220313038137552,False
2025-10-25 05:23:46.418223,17949.01650924286,17967.439764843744,17937.295153468083,17961.781579307797,630,17974.379368454636,109585,401100,316400,17300,19850,63694.0,717500,-19800.0,0.0027683022120501,0.002764477520456,0.0061910951531656,40.61517235174323,17941.432696993113,17966.521873039947,-0.0031816323645204,0.7888307155322862,717500,-19800.0,-2550,0.0018059573255233,0,TRENDED_UP,271.0,-0.0001771559506663,-0.00398106,271,17961.785560367796,0.6262993388977394,False
2025-10-25 05:28:46.418223,17949.471515246812,17971.652498968953,17945.059876735613,17965.077680238417,2430,17966.62742593719,96587,407900,324600,16400,18000,-12998.0,732500,15000.0,0.0001835063474113,0.0001834895121817,0.0061277147938405,39.61356162900015,17949.31435807488,17966.341348939754,-0.0044209229304958,0.7957832802157392,732500,15000.0,-1600,0.0018060597334815,1,TRANSITION,272.0,0.00182730356005,-0.0035665915,272,17965.081246829915,0.6332286407088427,False
2025-10-25 05:33:46.418223,17923.243848147675,17933.781606422377,17910.583534014007,17932.016003916116,2060,17932.67323191444,118921,400300,313600,16800,18850,22334.0,713900,-18600.0,-0.0018403302735878,-0.001842025761837,0.0061309691078252,40.67646052867226,17943.548240021963,17962.0506808118,-0.0044561286353407,0.7834124406694979,713900,-18600.0,-2050,0.0018193467910696,0,TRENDED_UP,273.0,0.0005623291089491,-0.0070276563,273,17932.023031572415,0.5637225291631633,False
2025-10-25 05:38:46.418223,17935.851102373406,17940.78273537683,17931.21605800374,17936.616229124094,4370,17935.736497889888,112029,392500,329800,18100,16900,-6892.0,722300,8400.0,0.0002565369787186,0.0002565040787345,0.0061352314820082,38.45433316041625,17941.237569722674,17958.871374350838,-0.0041248734122941,0.8402547770700637,722300,8400.0,1200,0.0018199750309011,1,TRANSITION,274.0,-0.0014506283202322,-0.0017374182,274,17936.617966542293,0.5733835486729524,False
2025-10-25 05:43:46.418223,17941.386772555903,17941.7847017274,17928.585158044894,17934.136068592423,2030,17937.402115896675,100892,392400,323500,18250,17500,-11137.0,715900,-6400.0,-0.0001382736018873,-0.0001382831625633,0.0060510045744403,36.65041962627976,17938.87040267926,17955.779461131035,-0.0024129828652176,0.8244138634046891,715900,-6400.0,750,0.0018192012093689,0,TRENDED_UP,275.0,-0.00048455254599,0.0034192814,275,17934.132649311025,0.5681580779281648,False
2025-10-25 05:48:46.418223,17925.420210484754,17941.06648013404,17905.505918719344,17917.977178010267,1640,17921.17802567045,78652,407200,320800,19800,19350,-22240.0,728000,12100.0,-0.0009010130468706,-0.000901419203112,0.0060691074713913,36.57257261116659,17931.90599445626,17951.054175740937,-0.0032178562361426,0.787819253438114,728000,12100.0,450,0.0018144622883046,1,TRANSITION,276.0,-0.0010576360890193,-0.0015878851,276,17917.97876589537,0.5341939448423729,False
2025-10-25 05:53:46.418223,17927.47643016954,17936.595680318198,17926.480295541376,17932.16010982283,4450,17936.023287157088,79735,403300,316200,17050,18200,1083.0,719500,-8500.0,0.000791547598909,0.0007912344903235,0.0058294573652254,35.29013901807831,17931.99069957845,17948.692417501174,-0.00533175285741,0.7840317381601786,719500,-8500.0,-1150,0.0018176679958154,0,TRENDED_UP,277.0,-0.0004142123718907,0.0062534786,277,17932.15385634423,0.563997593050064,False
2025-10-25 05:58:46.418223,17917.29704536315,17924.481106255662,17905.48778115417,17921.045327966604,3070,17927.147027485946,87100,396800,322700,19350,18950,7365.0,719500,0.0,-0.0006198239246224,-0.0006200160948832,0.0058212803398039,34.67458113597708,17928.342242374503,17945.23653130935,-0.0050847690947452,0.8132560483870968,719500,0.0,400,0.001818800370449,1,TRANSITION,278.0,-0.0008133502815849,0.0072601116,278,17921.038067855003,0.5406262395564689,False
2025-10-25 06:03:46.418223,17920.527395494184,17936.75617053673,17908.35779005008,17933.086088485376,1940,17938.513544739195,117371,400200,324900,17200,17600,30271.0,725100,5600.0,0.000671878246967,0.0006716526378269,0.00582690836583,34.226281089596654,17929.92352441146,17943.717725956354,-0.0035878129072288,0.8118440779610195,725100,5600.0,-400,0.0017755334204117,0,TRENDED_UP,279.0,-0.0009633323777908,0.010642123,279,17933.075446362374,0.5659352699059249,False
2025-10-25 06:08:46.418223,17938.514217752047,17953.37360175594,17934.538473769124,17944.348271868494,3400,17947.815901530405,135374,401700,316700,16050,19350,18003.0,718400,-6700.0,0.0006280114492034,0.0006278143325371,0.00580829931275,33.230654816808546,17934.731773563806,17943.79654419537,-0.0039335515328758,0.7883993029624098,718400,-6700.0,-3300,0.0017509224589238,1,TRANSITION,280.0,0.0006767133061167,0.01443375,280,17944.333838118495,0.5896064520048533,False
2025-10-25 06:13:46.418223,17981.42101300399,17991.558004026887,17965.314707672547,17967.907253142843,590,17982.03255220314,106597,390000,317500,17400,18800,-28777.0,707500,-10900.0,0.0013128914417741,0.0013120303534002,0.0054936852155486,34.229160341207454,17945.79026675682,17946.810382813805,-0.0060157045185198,0.8141025641025641,707500,-10900.0,-1400,0.0017467909736553,0,TRENDED_UP,281.0,-0.0046162093417033,0.008472298,281,17967.898780844844,0.6391526094409694,False
2025-10-25 06:18:46.418223,17948.244947717005,17967.812571822804,17947.21687738433,17957.685254474534,4170,17964.99769727139,88215,407500,321100,17700,17900,-18382.0,728600,21100.0,-0.0005689031295795,-0.0005690650163678,0.005371466298117,33.26210429958644,17949.755262662726,17948.169741771395,-0.0083412371850744,0.7879754601226994,728600,21100.0,-200,0.0017146060751467,1,TRANSITION,282.0,0.0001156917548403,0.028583216,282,17957.656671258534,0.6176181979240736,False
2025-10-25 06:23:46.418223,18005.943281716973,18007.33418380702,17996.201048616378,17996.957770193403,2630,17994.676152189822,90299,390400,326300,17600,16200,2084.0,716700,-11900.0,0.0021869475471001,0.0021845596581382,0.0053552794896036,34.432591801936326,17965.48943183962,17954.268245324147,-0.0034990024453001,0.8358094262295082,716700,-11900.0,1400,0.0017383366147385,0,TRENDED_UP,283.0,0.00133076128768,0.021163499,283,17996.936606694402,0.700205704619345,False
2025-10-25 06:28:46.418223,17953.476158071375,17956.497302520533,17943.828412551975,17950.029348533182,2820,17945.298428104736,91219,400000,326900,18950,16400,920.0,726900,10200.0,-0.0026075752501871,-0.0026109808961365,0.0055293946748507,35.768075076185745,17960.336070737474,17953.738383225278,-0.0052914515812703,0.81725,726900,10200.0,2550,0.0017414811630243,1,TRANSITION,284.0,-0.0019448365105201,0.017992074,284,17950.01135645918,0.6015436428064903,False
2025-10-25 06:33:46.418223,17949.56851302456,17951.992389799485,17945.576467616156,17951.814005896606,2200,17951.657919583296,120802,396200,324200,18750,16600,29583.0,720400,-6500.0,9.942364598813924e-05,9.941870378504802e-05,0.0053422855206294,33.671492726695966,17957.495382457186,17953.497836059192,-0.0074435943058379,0.8182735991923271,720400,-6500.0,2150,0.0017296895942659,0,TRENDED_UP,285.0,0.0011798116220684,0.020196287,285,17951.793809609604,0.6052913160106611,False
2025-10-25 06:38:46.418223,17965.59521937754,17984.48639566685,17964.3463528207,17983.521896534505,700,17987.942201509908,90828,408400,326200,18050,16650,-29974.0,734600,14200.0,0.0017662778049887,0.0017647197706907,0.0053991985128813,33.60012822980648,17966.170887149627,17957.250843618607,-0.0040859947982622,0.7987267384916749,734600,14200.0,1400,0.0017460521835675,1,TRANSITION,286.0,0.0011855343373576,0.018584462,286,17983.503312072506,0.671961709378142,False
2025-10-25 06:43:46.418223,17973.34882723654,18012.27998996158,17972.943322512598,18001.29665275223,640,18000.68731071844,99126,398100,323900,19950,17250,8298.0,722000,-12600.0,0.0009883912795274,0.0009879031424873,0.0054178708294075,34.00988103117607,17977.87947568383,17962.75656976031,-0.0037757559146945,0.8136146696809847,722000,-12600.0,2700,0.0017355027086766,0,TRENDED_UP,287.0,-0.0021383043830137,0.0147989215,287,18001.28185383073,0.7093417462900328,False
2025-10-25 06:48:46.418223,17956.74823826075,17971.865385428802,17948.43525231049,17962.195624872376,4680,17962.40599499214,126895,405400,326200,18650,18250,27769.0,731600,9600.0,-0.002172122855043,-0.0021744853355762,0.0053818506779855,35.3564181319306,17972.651525413345,17962.68645164932,-0.0079800167018889,0.8046373951652689,731600,9600.0,400,0.0017563491534147,1,TRANSITION,288.0,-0.0002052077910875,0.006254568,288,17962.189370304375,0.6271483641181417,False
2025-10-25 06:53:46.418223,17951.322827240256,17958.166941752206,17948.65837615498,17949.678516418502,4170,17953.408820610483,88650,393800,322200,16350,16750,-38245.0,716000,-15600.0,-0.0006968584863056,-0.0006971014050414,0.0052549464110373,33.79790603089238,17964.9938557484,17961.060459745466,-0.006394012879622,0.8181818181818182,716000,-15600.0,-400,0.001750781995232,0,TRENDED_UP,289.0,-0.001540491733378,-0.0018630881,289,17949.6803795066,0.6008477516095243,False
2025-10-25 06:58:46.418223,17938.232087507276,17952.323335630423,17936.943588512837,17943.02613069454,1750,17944.773928614366,111141,397000,326000,17500,18450,22491.0,723000,7000.0,-0.0003706130846787,-0.0003706817786817,0.0052192983337745,32.48232325137048,17957.671280730447,17958.8061686141,-0.0075846886676538,0.8211586901763224,723000,7000.0,-950,0.0017468340332461,1,TRANSITION,290.0,-0.0013688818475858,0.0012669874,290,17943.024863707138,0.5868542852366984,False
2025-10-25 07:03:46.418223,17922.56007717236,17935.853729948234,17921.08074400044,17930.51460602138,3900,17923.08581052111,118009,416800,321600,16050,18450,6868.0,738400,15400.0,-0.0006972917824465,-0.0006975350034306,0.0044350999674201,31.729684925851185,17948.619055827425,17955.26972329001,-0.0033517710547731,0.7715930902111324,738400,15400.0,-2400,0.0017462970932569,1,TRANSITION,291.0,0.0001148356433362,-0.00078467897,291,17930.51539070035,0.5605526588659251,False
2025-10-25 07:08:46.418223,17945.59465938972,17953.674960181306,17942.432448298707,17942.717373775402,3900,17952.104159453876,101268,399100,317500,19550,16400,-16741.0,716600,-21800.0,0.0006805587024214,0.0006803272273625,0.0042000186973041,31.117589871142183,17946.65182847675,17953.700679600683,-5.594578677381445e-05,0.7955399649210724,716600,-21800.0,3150,0.0017391292825843,0,TRENDED_UP,292.0,-0.0001481064568462,0.0077511645,292,17942.709622610902,0.5861914792555507,False
2025-10-25 07:13:46.418223,17955.387068884273,17986.774636487742,17954.70769502798,17971.503926267203,2620,17979.653770877194,139082,403400,314200,16900,17000,37814.0,717600,1000.0,0.0016043585758016,0.0016030729674483,0.0042982764224685,32.04185221694204,17954.935861073573,17955.926085434,0.0013925103321765,0.7788795240456123,717600,1000.0,-100,0.001668866682103,1,TRANSITION,293.0,-0.0012308194356043,0.00065178925,293,17971.503274477953,0.6467311896691239,False
2025-10-25 07:18:46.418223,17936.91394219557,17942.58121783787,17933.036921482933,17938.97732189969,2370,17935.648991184116,133309,407000,318700,18600,18900,-5773.0,725700,8100.0,-0.0018098988543732,-0.0018115387002399,0.0043943028649504,32.5007916860369,17949.61634801561,17953.80748999221,0.0005060895204644,0.783046683046683,725700,8100.0,-300,0.0016827889836849,1,TRANSITION,,,,294,,,False
2025-10-25 07:23:46.418223,17961.31396058976,17971.90462473669,17949.884146130196,17965.7840205372,2210,17969.683805304052,105261,396700,318600,17250,17500,-28048.0,715300,-10400.0,0.0014943270263676,0.0014932116307768,0.0044075062841837,32.5312567682486,17955.005572189475,17955.304556310333,0.0006283331698129,0.8031257877489286,715300,-10400.0,-250,0.0016701687261669,0,TRENDED_UP,,,,295,,,False
2025-10-25 07:28:46.418223,17969.774820652576,17986.12732175232,17959.26716887063,17975.758075081092,2960,17973.331968640072,83923,408400,311900,16200,16700,-21338.0,720300,5000.0,0.0005551694561445,0.0005550154065954,0.0042712793648843,32.12617791920876,17961.92307315335,17957.861246156677,0.0030645755180611,0.7637120470127327,720300,5000.0,-500,0.0016715349134409,1,TRANSITION,,,,296,,,False
2025-10-25 07:33:46.418223,17991.878525437674,18002.46205907821,17985.392722131644,17995.671092980738,540,17995.98351629525,84868,400200,319700,16550,16200,945.0,719900,-400.0,0.001107770688528,0.0011071575633376,0.004305460750474,31.738878353345168,17973.172413095814,17962.587477009685,0.0043633726234133,0.7988505747126436,719900,-400.0,350,0.0016778669395445,0,TRENDED_UP,,,,297,,,False
2025-10-25 07:38:46.418223,18009.058950249062,18018.409687124044,17984.026685854966,18016.613214713416,2800,18022.844186259983,104252,405500,325700,18350,18650,19384.0,731200,11300.0,0.001163731078684,0.0011630544685488,0.0043430480809038,31.9277442758975,17987.652680301682,17969.34069422265,0.0051634946442797,0.8032059186189889,731200,11300.0,-300,0.0016724967119805,1,TRANSITION,,,,298,,,False
2025-10-25 07:43:46.418223,17986.858605601145,17991.11284194927,17971.97516189868,17981.307382706007,2500,17989.273356046284,78199,395800,326000,17250,17600,-26053.0,721800,-9400.0,-0.0019596264617911,-0.0019615490418285,0.0044166576955674,32.83562345724302,17985.537581103126,17970.836530283068,0.0015353238619881,0.8236483072258717,721800,-9400.0,-350,0.0016749508530898,0,TRENDED_UP,,,,299,,,False
2025-10-25 07:48:46.418223,17971.93082635468,17977.731914665706,17954.752549231285,17966.913946103607,4220,17974.747392691013,105378,397800,313100,19300,18900,27179.0,710900,-10900.0,-0.0008004666343807,-0.000800787178866,0.0042235391170799,32.386995601348644,17979.329702769955,17970.346207260634,0.0030548314026785,0.7870789341377576,710900,-10900.0,400,0.0016702976047083,0,TRENDED_UP,,,,300,,,False
2025-10-25 07:53:46.418223,17992.267506749537,18007.21083533149,17975.76655569122,17982.370372120382,4510,17987.287682969727,133761,395300,322900,16700,17100,28383.0,718200,7300.0,0.000860271611649,0.0008599017901094,0.0039502935232959,32.95198800324403,17980.3432592201,17971.849227868104,0.0011462556050845,0.8168479635719706,718200,7300.0,-400,0.0016497260478407,1,TRANSITION,,,,301,,,False
2025-10-25 07:58:46.418223,18008.928056006665,18017.41803994534,17990.224705001507,18012.885529028048,1980,18023.379146620748,101249,399200,320900,17750,18850,-32512.0,720100,1900.0,0.0016969485265956,0.0016955103362388,0.0040615822907655,33.10167941908074,17991.190682489418,17976.978765513097,0.0026611545822714,0.8038577154308617,720100,1900.0,-1100,0.001654107244939,0,TRENDED_UP,,,,302,,,False
2025-10-25 08:03:46.418223,18008.543526439615,18034.143961248625,18006.425056215427,18015.55728240353,1210,18015.860511078856,99621,405000,325300,16500,17950,-1628.0,730300,10200.0,0.0001483245630566,0.0001483135640558,0.0038985682372173,32.71719553437483,17999.31288246079,17981.8010801244,0.0046587778233728,0.8032098765432099,730300,10200.0,-1450,0.0016376812269165,1,TRANSITION,,,,303,,,False
2025-10-25 08:08:46.418223,18011.893266309824,18018.874640076585,17992.56808155049,18016.01594431249,2750,18017.51868273852,117063,391900,326600,18300,17450,17442.0,718500,-11800.0,2.54592129329545e-05,2.545888885308045e-05,0.003898769669206,32.25929289092632,18004.880569744688,17986.077938147915,0.0044266830585064,0.8333758611890788,718500,-11800.0,850,0.0016376504713299,0,TRENDED_UP,,,,304,,,False
2025-10-25 08:13:46.418223,18046.62657691496,18070.23573596184,18032.68613607878,18061.736046740207,1230,18051.289348759547,110496,407200,322600,16550,19200,-6567.0,729800,11300.0,0.0025377476668002,0.0025345330226791,0.0041244208671755,33.827899945099155,18023.832395409863,17995.535201721952,0.0071149219376809,0.7922396856581533,729800,11300.0,-2650,0.0016511383477385,1,TRANSITION,,,,305,,,False
2025-10-25 08:18:46.418223,18030.80018497261,18032.53021983835,18012.881581811307,18030.74973462394,3560,18033.852520935605,77033,401700,328300,16100,17850,-33463.0,730000,200.0,-0.0017155777294098,-0.0017170510181525,0.0042251480734149,34.901226015370625,18026.13817514789,17999.9370183347,0.0062938218691377,0.817276574558128,730000,200.0,-1750,0.0016672189317739,0,TRENDED_UP,,,,306,,,False
2025-10-25 08:23:46.418223,18045.783620421247,18069.403167055592,18032.25667063208,18051.81760402864,2180,18058.56732375316,90895,406200,315200,16050,19350,13862.0,721400,-8600.0,0.0011684411194641,0.0011677590234135,0.0042480018293686,35.16924075939077,18034.697984774808,18006.422091546443,0.0066727875210228,0.775972427375677,721400,-8600.0,-3300,0.0016312382672359,2,SIDEWAYS,,,,307,,,False
2025-10-25 08:28:46.418223,18040.49176703333,18049.738503647062,18022.54535575865,18030.644356699304,2980,18035.79350995468,137879,404400,319600,18450,16650,46984.0,724000,2600.0,-0.0011729149825119,-0.0011736033856344,0.0042963757074665,34.74802701014786,18033.346775416307,18009.449874690552,0.0061156604833572,0.7903066271018794,724000,2600.0,1800,0.0016345345808417,2,SIDEWAYS,,,,308,,,False
2025-10-25 08:33:46.418223,18034.782461626502,18040.67891921924,18021.15124352192,18031.29183216396,3290,18031.52252260083,106508,409500,327500,18900,17350,-31371.0,737000,13000.0,3.5909724125593456e-05,3.59090793864425e-05,0.0042883435454764,33.66085905923144,18032.66179433219,18012.180119374727,0.0054762322108987,0.7997557997557998,737000,13000.0,1550,0.0016307344737007,2,SIDEWAYS,,,,309,,,False
2025-10-25 08:38:46.418223,18064.71191883606,18071.241053410915,18060.082034360938,18070.99426344561,2010,18079.18688751441,79871,389100,323200,19550,17800,-26637.0,712300,-24700.0,0.0022018628310829,0.0021994422836115,0.004434522985372,34.11002778692604,18045.439284036664,18019.531887383582,0.0070577091827659,0.8306347982523773,712300,-24700.0,1750,0.0016502921880523,2,SIDEWAYS,,,,310,,,False
2025-10-25 08:43:46.418223,18087.273005385465,18095.380561522503,18081.09428074955,18094.95197622869,2730,18098.170177448337,96163,400600,323600,16800,19100,16292.0,724200,11900.0,0.0013257550986855,0.00132487706135,0.0044355795196957,33.415475664780864,18061.94351476734,18028.959398489224,0.0070706466421472,0.8077883175237144,724200,11900.0,-2300,0.0015997386953388,2,SIDEWAYS,,,,311,,,False
2025-10-25 08:48:46.418223,18109.53882805052,18123.865073814843,18094.290433999675,18106.877025124068,2740,18114.661678796027,64348,391300,324200,18250,17100,-31815.0,715500,-8700.0,0.0006590262804258,0.0006588092179686,0.0044159298174213,33.14113024695136,18076.92135155292,18038.69910181858,0.0083079622198167,0.8285203168924099,715500,-8700.0,1150,0.0015854051301145,2,SIDEWAYS,,,,312,,,False
2025-10-25 08:53:46.418223,18145.21745230092,18153.74932371668,18128.35254615048,18144.567860303727,870,18150.843066661288,62849,405300,315200,18350,19750,-1499.0,720500,5000.0,0.0020815756978611,0.0020794122209419,0.0044010162242848,34.121927985927016,18099.470187803192,18051.932696629225,0.0082019467954075,0.7776955341722182,720500,5000.0,-1400,0.0015679055336522,2,SIDEWAYS,,,,313,,,False
2025-10-25 08:58:46.418223,18145.970599015945,18151.05837448151,18129.96565266207,18132.1989528258,930,18143.57423657224,119645,395600,335700,17750,19100,56796.0,731300,10800.0,-0.0006816865286159,-0.000681918982524,0.0041031554669025,33.19127040260633,18110.379776144066,18061.9659786538,0.0101487078798288,0.8485844287158746,731300,10800.0,-1350,0.0015667572457285,2,SIDEWAYS,,,,314,,,False
2025-10-25 09:03:46.418223,18164.72379026692,18183.217481772142,18140.582054281585,18161.48112185806,2340,18166.962420473243,99910,397200,325600,17050,18600,-19735.0,722800,-8500.0,0.0016149265242701,0.0016136239326343,0.0041641414803776,34.464646012873324,18127.413558048727,18074.40537155433,0.0116794389632484,0.8197381671701913,722800,-8500.0,-1550,0.001553552225889,2,SIDEWAYS,,,,315,,,False
2025-10-25 09:08:46.418223,18156.453455901214,18164.96790455451,18149.00133092738,18164.5365561344,4920,18171.49326123952,110377,399900,318200,18600,18750,10467.0,718100,-4700.0,0.0001682370647986,0.0001682229145316,0.0040852002167066,33.14335512817717,18139.78789074395,18085.67176962684,0.0100655845190575,0.7956989247311828,718100,-4700.0,-150,0.0015378170222461,2,SIDEWAYS,,,,316,,,False
2025-10-25 09:13:46.418223,18165.465823378767,18172.953160579986,18161.58927487058,18170.69025690953,2900,18173.90619422403,123157,407500,319200,19700,16600,12780.0,726700,8600.0,0.0003387755452013,0.0003387181737224,0.0040669608242405,31.587678741121994,18150.08867946581,18096.299080537174,0.0094100779196593,0.7833128834355828,726700,8600.0,3100,0.0015362837749986,2,SIDEWAYS,,,,317,,,False
2025-10-25 09:18:46.418223,18162.101625786443,18181.843634130302,18159.75018941729,18166.64819664258,4670,18167.5407777505,106789,406500,316000,18050,16600,-16368.0,722500,-4200.0,-0.0002224494617318,-0.000222474207284,0.0038095402081724,30.90951916768564,18155.608518524736,18105.09272005035,0.0113823819782421,0.7773677736777368,722500,-4200.0,1450,0.0015149828832834,2,SIDEWAYS,,,,318,,,False
2025-10-25 09:23:46.418223,18164.9259422393,18169.049349657176,18163.21971618586,18165.37800991006,3800,18171.68538632763,114662,397300,320400,17800,17200,7873.0,717700,-4800.0,-6.991860682137307e-05,-6.992105124048464e-05,0.0037665667666781,29.118098760802088,18158.865015653177,18112.62838128281,0.0120169000962473,0.8064434935816763,717700,-4800.0,600,0.0014833958258902,2,SIDEWAYS,,,,319,,,False
2025-10-25 09:28:46.418223,18181.331470247784,18187.90346187545,18171.15997346516,18181.39567906191,4000,18193.22848062104,105146,409900,321300,19800,17700,-9516.0,731200,13500.0,0.0008817691073157,0.0008813805773151,0.0037482094029972,28.64719541827265,18166.375236789423,18121.2242935052,0.013284801940939,0.7838497194437668,731200,13500.0,2100,0.0014838574072523,2,SIDEWAYS,,,,320,,,False
2025-10-25 09:33:46.418223,18159.21223732174,18161.27362096519,18141.649293712435,18153.216781463496,2590,18153.49336034581,125727,395600,320500,19350,18150,20581.0,716100,-15100.0,-0.0015498753833769,-0.0015510776826648,0.0038651713917097,29.439994699072724,18161.98908501412,18125.223354499987,0.0124202891180449,0.8101617795753286,716100,-15100.0,1200,0.0013463586986738,2,SIDEWAYS,,,,321,,,False
2025-10-25 09:38:46.418223,18216.478092156605,18225.795910229604,18214.914447478743,18222.843188460003,720,18225.13123227504,135468,392600,318100,19800,19150,9741.0,710700,-5400.0,0.003835485899535,0.003828149177437,0.0043281362051234,32.52136141814672,18182.273786162747,18137.42583374499,0.0156122291205469,0.8102394294447275,710700,-5400.0,650,0.0013784514183354,2,SIDEWAYS,,,,322,,,False
2025-10-25 09:43:46.418223,18189.1915732631,18198.400211522217,18179.20129733768,18193.02015202943,1730,18196.804211631326,103991,401000,309800,17800,16600,-31477.0,710800,100.0,-0.0016365742777977,-0.0016379149283967,0.0044474041787699,33.315684968445005,18185.85590811831,18144.375123530543,0.0123259704180047,0.7725685785536159,710800,100.0,1200,0.0013999716320831,2,SIDEWAYS,,,,323,,,False
2025-10-25 09:48:46.418223,18156.27562030348,18166.91888852563,18153.02872112784,18160.74223521076,1350,18168.105851260603,103152,403100,316800,19000,19550,-839.0,719900,9100.0,-0.001774192330297,-0.0017757680735659,0.0044414381494137,33.79252396366974,18177.48468381579,18146.421012490573,0.012362182600027,0.7859092036715455,719900,9100.0,-550,0.001416044095324,2,SIDEWAYS,,,,324,,,False
2025-10-25 09:53:46.418223,18188.025381366748,18190.82091333094,18182.65514998674,18183.241613831786,920,18188.762725945635,106403,408800,326800,17100,17750,3251.0,735600,15700.0,0.0012389019308587,0.0012381351251278,0.0044228371116049,33.527249260563494,18179.40366048779,18151.023587658223,0.0121039857234175,0.799412915851272,735600,15700.0,-650,0.0014143051474338,2,SIDEWAYS,,,,325,,,False
2025-10-25 09:58:46.418223,18209.81847932569,18217.326499023817,18181.96737205484,18190.212487478395,890,18198.833173824896,97889,399800,319900,16150,16750,-8514.0,719700,-15900.0,0.0003833680371549,0.0003832945704047,0.0044219096438997,33.65809766830718,18183.006602818,18155.922200135745,0.0119302013023079,0.8001500750375188,719700,-15900.0,-600,0.0013876039055985,2,SIDEWAYS,,,,326,,,False
2025-10-25 10:03:46.418223,18227.05639417403,18239.577518081074,18226.397923095115,18237.055326349106,3520,18251.50222630932,91994,406300,316400,19250,18200,-5895.0,722700,3000.0,0.0025751672171479,0.0025718571554733,0.0045774434178357,34.78002144933376,18201.02284399503,18166.06384091241,0.0134134610552267,0.778734924932316,722700,3000.0,1050,0.0014182944654624,2,SIDEWAYS,,,,327,,,False
2025-10-25 10:08:46.418223,18244.42626953502,18255.331698830338,18221.290914374407,18240.0582122044,2180,18240.21014472104,120966,410500,329500,16300,16000,28972.0,740000,17300.0,0.0001646584824994,0.0001646449277803,0.0045600614806751,34.7272188069478,18214.034633398154,18175.313137323912,0.0124021643151281,0.8026796589524969,740000,17300.0,300,0.00141836031211,2,SIDEWAYS,,,,328,,,False
2025-10-25 10:13:46.418223,18244.273561420443,18249.716093300445,18223.287479885155,18236.40320288976,2240,18243.38626257732,92021,393800,321500,18900,18300,-28945.0,715300,-24700.0,-0.0002003836430847,-0.0002004037225695,0.004357860550149,34.13446127897224,18221.49082322869,18182.94939551964,0.0141867226200191,0.8164042661249366,715300,-24700.0,600,0.0014083225363635,2,SIDEWAYS,,,,329,,,False
2025-10-25 10:18:46.418223,18219.91764477672,18245.353977033188,18215.2244590995,18226.23520910845,690,18231.633672954664,90867,386100,316100,18100,18950,-1154.0,702200,-13100.0,-0.0005575657473781,-0.000557721244963,0.00433616591713,33.848393897166254,18223.072285188613,18188.360122218244,0.0144332668249396,0.8186998186998187,702200,-13100.0,-850,0.001371593429102,2,SIDEWAYS,,,,330,,,False
2025-10-25 10:23:46.418223,18222.17171258317,18226.96078115144,18217.447553172824,18218.60005176412,1580,18222.34783760634,117967,398500,320600,16300,19650,27100.0,719100,16900.0,-0.000418910282718,-0.0004189980501418,0.0043595184542787,32.110167760126934,18221.581540713785,18192.14011341148,0.0131367375243245,0.8045169385194479,719100,16900.0,-3350,0.0013353313617473,2,SIDEWAYS,,,,331,,,False
2025-10-25 10:28:46.418223,18203.854111763245,18213.79669800897,18199.854245430182,18213.50157541471,2420,18220.45595598268,119502,401000,314900,16150,17600,1535.0,715900,-3200.0,-0.0002798500617458,-0.0002798892270821,0.0043126498818003,31.155570515399035,18218.888218947428,18194.81029616188,0.0111373630872946,0.785286783042394,715900,-3200.0,-1450,0.001336982784232,2,SIDEWAYS,,,,332,,,False
2025-10-25 10:33:46.418223,18230.68230617592,18242.438352631303,18219.12441376734,18236.306525899792,2930,18238.49413670637,146669,404200,321000,18700,16050,27167.0,725200,9300.0,0.0012520904006654,0.0012513071891788,0.0043394415370074,30.99708527977005,18224.694321264884,18199.99732487912,0.0122532564514046,0.7941613062840178,725200,9300.0,2650,0.0013152367789618,2,SIDEWAYS,,,,333,,,False
2025-10-25 10:38:46.418223,18226.84358259961,18235.10869491717,18226.621228165284,18233.07323816553,3730,18238.48688775848,124393,407100,310200,16950,16200,-22276.0,717300,-7900.0,-0.000177299483844,-0.0001773152032544,0.004346960012071,29.47481474082276,18227.4872935651,18204.131814039923,0.0120480185255142,0.7619749447310243,717300,-7900.0,750,0.0013165623871637,2,SIDEWAYS,,,,334,,,False
2025-10-25 10:43:46.418223,18204.470281378966,18220.328392892545,18179.10040407844,18192.03703130385,3290,18188.551660244702,116540,395400,313400,16850,18050,-7853.0,708800,-8500.0,-0.0022506467409882,-0.0022531832529413,0.0044127116923571,31.22467326555612,18215.67053947802,18202.619966197915,0.0072142004637012,0.7926150733434497,708800,-8500.0,-1200,0.0013555014561025,2,SIDEWAYS,,,,335,,,False
2025-10-25 10:48:46.418223,18195.87836576695,18211.875423897043,18188.213225576263,18206.90455843905,2770,18207.60289184781,119426,401400,319300,17900,16650,2886.0,720700,11900.0,0.0008172546653031,0.0008169208945467,0.0042689230901224,30.684496483786432,18212.748545798364,18203.155540228057,0.009769689358887,0.7954658694569009,720700,11900.0,1250,0.001349158193666,2,SIDEWAYS,,,,336,,,False
2025-10-25 10:53:46.418223,18207.334405144968,18219.65634970728,18200.461511786347,18209.712743037817,850,18219.07720152161,97042,403400,323000,19600,19700,-22384.0,726400,5700.0,0.0001542373438467,0.0001542254504904,0.0042405588512096,29.86380658643966,18211.73661154485,18203.97519057928,0.0087467723457352,0.8006941001487358,726400,5700.0,-100,0.0013474651258849,2,SIDEWAYS,,,,337,,,False
2025-10-25 10:58:46.418223,18192.126950780195,18193.357996983275,18171.107974176488,18188.7679824816,940,18197.911928951795,111244,396800,313900,16700,17700,14202.0,710700,-15700.0,-0.0011501971970548,-0.0011508591815072,0.0042379355031139,30.48816103464604,18204.0804018571,18202.074289567063,0.0087697157491515,0.7910786290322581,710700,-15700.0,-1000,0.0013550358954125,2,SIDEWAYS,,,,338,,,False
2025-10-25 11:03:46.418223,18169.88557237628,18180.22339363004,18169.85101203953,18171.188248398284,4350,18176.23674942973,112192,400500,316800,17600,19950,948.0,717300,6600.0,-0.0009665159344628,-0.0009669833121659,0.0042964557174925,29.66164742089068,18193.116350704164,18198.213534420967,0.0077585354136846,0.7910112359550562,717300,6600.0,-2350,0.0013628257862945,2,SIDEWAYS,,,,339,,,False
2025-10-25 11:08:46.418223,18176.71020570425,18182.58133933139,18146.128210415096,18160.56714916148,770,18161.73097044536,89158,406200,325100,17350,18600,-23034.0,731300,14000.0,-0.0005845021850863,-0.0005846730730798,0.0041644150831241,30.146753241991,18182.266616856607,18193.50773626353,0.0049567214957875,0.8003446578040374,731300,14000.0,-1250,0.0013656601347784,2,SIDEWAYS,,,,340,,,False
2025-10-25 11:13:46.418223,18183.572297332285,18208.85470684232,18177.52943169032,18187.28768130332,2030,18195.427942956987,99021,394800,329300,17550,16750,9863.0,724100,-7200.0,0.0014713489905007,0.0014702676171634,0.0041788458963013,31.44252498762308,18183.94030500551,18192.730229393503,0.0051028433342035,0.8340932117527862,724100,-7200.0,800,0.0013679955572414,2,SIDEWAYS,,,,341,,,False
2025-10-25 11:18:46.418223,18169.932194742523,18188.48432830784,18152.382622441863,18160.58038948909,720,18170.949104114665,119047,391200,316700,16350,19100,20026.0,707900,-16200.0,-0.0014684593042253,-0.0014695385472691,0.0042703269929808,31.775323621791298,18176.15366650004,18188.711499405454,0.002965909819264,0.809560327198364,707900,-16200.0,-2750,0.0013814739964511,2,SIDEWAYS,,,,342,,,False
2025-10-25 11:23:46.418223,18157.2801998854,18159.960940195026,18137.657739295217,18144.999793186333,2560,18146.384074114303,99629,397700,332000,17850,17550,-19418.0,729700,21800.0,-0.000857934932067,-0.0008583031688722,0.0041384552942629,31.142989805511345,18165.769042062137,18183.247536128063,2.3805079621075365e-05,0.8348001005783253,729700,21800.0,300,0.0013626332233426,2,SIDEWAYS,,,,343,,,False
2025-10-25 11:28:46.418223,18163.78303046759,18170.83511142322,18148.89689816481,18149.95712949114,4690,18145.66455743645,112231,406900,320700,19700,19000,12602.0,727600,-2100.0,0.0002732067435278,0.0002731694293629,0.0041212481482557,30.76387040775256,18160.49840453847,18179.086235298448,0.0009793724804996,0.7881543376751045,727600,-2100.0,700,0.0013140734723512,2,SIDEWAYS,,,,344,,,False
2025-10-25 11:33:46.418223,18124.55305897811,18136.061277574696,18112.90267782544,18134.63654872341,1400,18140.706945623493,117935,403900,328200,18050,19850,5704.0,732100,4500.0,-0.0008441111270084,-0.0008444675894168,0.0040416095023301,31.213197640463285,18151.87778593345,18173.530024476568,-0.0014781048392766,0.8125773706362961,732100,4500.0,-1800,0.0013207435375951,2,SIDEWAYS,,,,345,,,False
2025-10-25 11:38:46.418223,18086.509808875635,18088.103138352097,18072.86306281566,18080.81921960444,4390,18089.391887158086,117002,404300,324500,17650,18400,-933.0,728800,-3300.0,-0.0029676541338105,-0.0029720663507912,0.0043684052791309,33.39607537384091,18128.191597157114,18161.94117386755,-0.0046088341572185,0.8026218154835518,728800,-3300.0,-750,0.0013645778856396,2,SIDEWAYS,,,,346,,,False
2025-10-25 11:43:46.418223,18067.209756133125,18087.093513701973,18054.257320847883,18081.064846255053,4680,18087.867757545053,134613,399400,312900,18150,16950,17611.0,712300,-16500.0,1.35849292903778e-05,1.3584837017077687e-05,0.0043599921763638,33.35608376528732,18112.48268018976,18151.83163291599,-0.0049324164017597,0.7834251377065599,712300,-16500.0,1200,0.0013594985740674,2,SIDEWAYS,,,,347,,,False
2025-10-25 11:48:46.418223,18061.606705534006,18063.39405203701,18053.787593822988,18056.767987885058,4080,18068.857423066747,88374,399200,328400,16250,19400,-46239.0,727600,15300.0,-0.0013437736425698,-0.0013446773160179,0.0044116631020706,32.92188152719997,18093.911116088195,18139.948677287124,-0.0060484580076709,0.8226452905811623,727600,15300.0,-3150,0.0013403259250946,2,SIDEWAYS,,,,348,,,False
2025-10-25 11:53:46.418223,18070.212606455018,18075.70118314993,18047.43805141117,18054.786445810503,870,18066.89741961528,132850,398700,320700,18350,19800,44476.0,719400,-8200.0,-0.0001097395766442,-0.0001097455984719,0.0044113196200965,32.58911368516858,18080.869559328967,18129.303398352546,-0.00608804088961,0.8043641835966893,719400,-8200.0,-1450,0.0013366380380224,2,SIDEWAYS,,,,349,,,False
2025-10-25 11:58:46.418223,18110.42799287746,18114.089577253293,18097.008189470453,18100.31762514147,4680,18102.27935224515,109485,395300,317300,16100,16500,-23365.0,712600,-6800.0,0.0025218342774435,0.0025186597892847,0.004639768448993,34.49725781071296,18087.352247933137,18125.68017670116,-0.0044593965915284,0.802681507715659,712600,-6800.0,-400,0.0013710953902707,2,SIDEWAYS,,,,350,,,False
2025-10-25 12:03:46.418223,18133.923198782035,18151.35456675332,18129.350995273875,18145.12825528472,2770,18149.84051453029,116680,405200,318800,17850,19300,7195.0,724000,11400.0,0.0024756819781441,0.0024726225259623,0.0047955402283879,35.6786637965086,18106.610917050333,18128.111186524104,-0.000445569855533,0.786771964461994,724000,11400.0,-1450,0.0013988600668701,2,SIDEWAYS,,,,351,,,False
2025-10-25 12:08:46.418223,18129.75454770675,18142.74153712201,18123.614843505125,18128.34134985654,2510,18129.266612194075,113939,397800,319600,18000,18000,-2741.0,717400,-6600.0,-0.0009251466945839,-0.0009255749069136,0.0042488313185125,34.666860081014654,18113.8543946524,18128.13995694066,-0.0051858997866649,0.8034188034188035,717400,-6600.0,0,0.0014048314255562,2,SIDEWAYS,,,,352,,,False
2025-10-25 12:13:46.418223,18129.418709590267,18130.7406748061,18112.33273094811,18124.44864460465,3990,18122.51623203937,112927,399900,321900,19600,19850,-1012.0,721800,4400.0,-0.0002147303593177,-0.0002147534171825,0.0041603515504476,33.50550892222719,18117.38581130316,18127.67854289866,-0.0037691107277275,0.8049512378094523,721800,4400.0,-250,0.0013929871501518,2,SIDEWAYS,,,,353,,,False
2025-10-25 12:18:46.418223,18102.357308958788,18109.10373613549,18101.61281602807,18103.80566250896,3580,18102.19384825893,87252,395400,326100,19000,16550,-25675.0,721500,-300.0,-0.0011389577967567,-0.0011396069021039,0.0040906867690421,32.74338889753803,18112.859095038424,18124.694432849945,-0.0031351456875703,0.8247344461305007,721500,-300.0,2450,0.0013796589990165,2,SIDEWAYS,,,,354,,,False
2025-10-25 12:23:46.418223,18102.03563828592,18111.238672584303,18099.261946064547,18106.577282772312,3030,18114.093438992742,115945,395200,317500,19750,16650,28693.0,712700,-8800.0,0.0001530960017479,0.0001530842837507,0.0040169696487383,31.260055870553543,18110.765157616388,18122.42978909024,-0.0042162081265617,0.8033906882591093,712700,-8800.0,3100,0.0013683868665105,2,SIDEWAYS,,,,355,,,False
2025-10-25 12:28:46.418223,18094.38031435781,18111.91179804516,18090.420021563128,18104.48963392669,870,18109.755619047028,71223,399400,309500,18250,16950,-44722.0,708900,-3800.0,-0.0001152978176394,-0.0001153044649431,0.00400512461554,30.562321628516223,18108.67331638649,18120.1872696948,-0.0047125812087525,0.7749123685528292,708900,-3800.0,1300,0.0013675950697007,2,SIDEWAYS,,,,356,,,False
2025-10-25 12:33:46.418223,18103.322555608564,18119.37182398339,18101.675244835074,18116.43387999872,2700,18124.89404179153,141905,393500,325600,18600,17250,70682.0,719100,10200.0,0.0006597394521214,0.0006595219197205,0.0037037385445531,29.64334002278766,18111.2601709239,18119.71809598279,-0.0066140856729273,0.827445997458704,719100,10200.0,1350,0.001363326985123,2,SIDEWAYS,,,,357,,,False
2025-10-25 12:38:46.418223,18081.05385342297,18085.86997263415,18073.828884556173,18077.801355293333,2360,18095.14676025125,107636,396300,318100,18950,16100,-34269.0,714400,-4700.0,-0.0021324574671417,-0.002134734392106,0.0038523427151661,30.56917255277021,18100.10723238038,18114.478503396607,-0.008895632624818,0.8026747413575575,714400,-4700.0,2850,0.0013864924627191,2,SIDEWAYS,,,,358,,,False
2025-10-25 12:43:46.418223,18095.325792080854,18102.92278767221,18082.439275016688,18083.328159633107,920,18089.65660623677,123199,400400,304600,19800,18450,15563.0,705000,-9400.0,0.0003057232586614,0.000305676534829,0.0038674355663374,30.180048254635004,18094.514208131288,18110.58471042617,-0.008393927330604,0.7607392607392608,705000,-9400.0,1350,0.0013612256475557,2,SIDEWAYS,,,,359,,,False
2025-10-25 12:48:46.418223,18137.158139440508,18149.4688945891,18117.054525665902,18133.40859793429,4080,18132.74897391281,113636,394000,329300,18600,18500,-9563.0,723300,18300.0,0.002769425951854,0.002765598157369,0.0042345050535852,32.748668733303376,18107.47900473229,18113.437696364686,-0.0050930216860018,0.8357868020304569,723300,18300.0,100,0.0013988244855098,2,SIDEWAYS,,,,360,,,False
2025-10-25 12:53:46.418223,18134.38082366896,18144.908458304413,18131.375313935947,18136.74083658264,1630,18146.000332813823,100731,410100,311000,19900,17400,-12905.0,721100,-2200.0,0.0001837623980265,0.0001837455157858,0.0042365418622023,31.376131278672155,18117.23294868241,18116.35058889193,-0.0044931671450546,0.7583516215557181,721100,-2200.0,2500,0.001395759285601,2,SIDEWAYS,,,,361,,,False
2025-10-25 12:58:46.418223,18145.4927605607,18154.240703268573,18133.44284027929,18136.74882025146,3090,18135.987916755523,89185,400600,330000,17100,18650,-11546.0,730600,9500.0,4.4019313572007945e-07,4.401930375763641e-07,0.004236669082515,30.62054068657288,18123.738239205428,18118.90036781187,-0.0042140581724742,0.8237643534697953,730600,9500.0,-1550,0.0013808670141613,2,SIDEWAYS,,,,362,,,False
2025-10-25 13:03:46.418223,18164.468634912384,18174.27795711748,18149.60102753487,18155.77556602614,540,18168.92944476753,85393,394100,321800,18300,17650,-3792.0,715900,-14700.0,0.0010490714715876,0.0010485215806621,0.0042157724215914,31.114011842247542,18134.417348145667,18123.509767588654,-0.0044159687576692,0.8165440243592996,715900,-14700.0,650,0.0013861242800252,2,SIDEWAYS,,,,363,,,False
2025-10-25 13:08:46.418223,18153.721525131336,18165.40107092814,18142.063322839665,18156.84203986402,1170,18149.734820982903,115587,387000,323000,16950,17050,30194.0,710000,-5900.0,5.8740197244722125e-05,5.873847210580152e-05,0.0042173607090449,30.558564431263704,18141.89224538512,18127.67630162308,-0.0041809297481426,0.834625322997416,710000,-5900.0,-100,0.0013860887151611,2,SIDEWAYS,,,,364,,,False
2025-10-25 13:13:46.418223,18160.00631875505,18164.431051847,18146.16389389442,18159.56455524908,2770,18160.218940876268,114539,405600,324900,16300,18650,-1048.0,730500,20500.0,0.0001499443228663,0.0001499330823406,0.0040306630424532,29.680606825643533,18147.783015339774,18131.662333326327,-0.0017849829570429,0.8010355029585798,730500,20500.0,-2350,0.0013496768788605,2,SIDEWAYS,,,,365,,,False
2025-10-25 13:18:46.418223,18160.530943512687,18170.562316294192,18156.06848780886,18160.8287489377,1720,18167.850478678327,111168,399600,326400,16000,16650,-3371.0,726000,-4500.0,6.961585916753776e-05,6.961343609646065e-05,0.0039983824086953,28.59583694419261,18152.13159320575,18135.308135277748,-0.0025306778180476,0.8168168168168168,726000,-4500.0,-650,0.0013286778801831,2,SIDEWAYS,,,,366,,,False
2025-10-25 13:23:46.418223,18163.37354598528,18171.35891680004,18154.40547577113,18156.48512893676,2220,18166.53031868656,97644,398400,317600,16950,17200,-13524.0,716000,-10000.0,-0.0002391752084106,-0.0002392038153633,0.003996775005102,27.7642372359578,18153.58277178276,18137.955259485123,-0.0029230342538711,0.7971887550200804,716000,-10000.0,-250,0.0013222694994066,2,SIDEWAYS,,,,367,,,False
2025-10-25 13:28:46.418223,18142.50647733105,18145.668671941075,18130.103329094967,18140.41645410612,3850,18140.36031064395,108264,394900,317300,19100,19400,10620.0,712200,-3800.0,-0.0008850102162687,-0.0008854020690218,0.0039760458632755,27.66549170780328,18149.19399922388,18138.262908812747,-0.0026583179477602,0.8034945555836921,712200,-3800.0,-300,0.0013180948514614,2,SIDEWAYS,,,,368,,,False
2025-10-25 13:33:46.418223,18143.35493622775,18144.490478269297,18127.518797365177,18134.97059123761,2020,18133.928240453843,91542,403400,314500,17650,18050,-16722.0,717900,5700.0,-0.0003002060554834,-0.0003002511263421,0.003944543943665,26.90164807896877,18144.452863228456,18137.85136911585,-0.0019931364237486,0.7796232027764006,717900,5700.0,-400,0.0013190909705955,2,SIDEWAYS,,,,369,,,False
2025-10-25 13:38:46.418223,18157.094609203155,18172.86819895768,18145.26898066741,18165.17631758904,3160,18169.61788771129,86383,408300,315800,16400,18000,-5159.0,724100,6200.0,0.0016656065803615,0.0016642209960657,0.0040522102705272,27.687073767618696,18151.36068134865,18141.266987675,0.0002538009077415,0.7734508939505266,724100,6200.0,-1600,0.0013063706890888,2,SIDEWAYS,,,,370,,,False
2025-10-25 13:43:46.418223,18196.84245058673,18207.310486366645,18195.58994426202,18206.26158510725,2060,18220.32952984478,94453,397400,313400,16650,19650,8070.0,710800,-13300.0,0.0022617599080738,0.0022592059793247,0.0041712283655112,28.719009125475043,18169.66098260152,18149.39131235404,0.001043250875909,0.7886260694514343,710800,-13300.0,-3000,0.0013267899675406,2,SIDEWAYS,,,,371,,,False
2025-10-25 13:48:46.418223,18223.227078956304,18226.734529790265,18201.39322297905,18206.405328634315,2110,18201.64411167776,95333,400400,321700,17600,17700,880.0,722100,11300.0,7.895279675818045e-06,7.89524850830503e-06,0.004075946806202,28.47774467445634,18181.909097945783,18156.518064389067,0.0025233190879598,0.8034465534465535,722100,11300.0,-100,0.0013248214207618,2,SIDEWAYS,,,,372,,,False
2025-10-25 13:53:46.418223,18282.36195060218,18287.306493261425,18269.20812747748,18273.865123610653,2630,18275.79784014887,129284,389100,317500,16100,17250,33951.0,706600,-15500.0,0.003705278101781,0.0036984304685852,0.0045252820089432,32.222274671074466,18212.56110650074,18171.18644679177,0.0071019747529956,0.8159856078129015,706600,-15500.0,-1150,0.0013812845375921,2,SIDEWAYS,,,,373,,,False
2025-10-25 13:58:46.418223,18261.51328204161,18269.513369483604,18240.41833009815,18247.84883760722,4470,18252.92275244767,72699,392400,320600,17100,17000,-56585.0,713000,6400.0,-0.0014236881922597,-0.0014247025992073,0.0046231386731773,32.30974030260508,18224.32368353624,18180.7692456437,0.0053934952803287,0.8170234454638124,713000,6400.0,100,0.0013918665003587,2,SIDEWAYS,,,,374,,,False
2025-10-25 14:03:46.418223,18285.606619327813,18291.71716798725,18265.94612551024,18279.663578348955,4250,18278.95460508899,99339,407000,317800,17050,18550,26640.0,724800,11800.0,0.0017434789725003,0.0017419608772915,0.0046655589521695,33.13535387956412,18242.770315140475,18193.13103723186,0.0079972393841967,0.7808353808353808,724800,11800.0,-1500,0.0013943191127346,2,SIDEWAYS,,,,375,,,False
2025-10-25 14:08:46.418223,18290.818997847164,18291.377559872104,18277.68452472741,18290.05592344568,4570,18289.32768904246,112646,399300,322000,16650,19450,13307.0,721300,-3500.0,0.0005685194944742,0.0005683579484916,0.0042579450470843,31.74661682707337,18258.532184575542,18205.246648008582,0.0115723021894034,0.8064112196343601,721300,-3500.0,-2800,0.0013955678787288,2,SIDEWAYS,,,,376,,,False
2025-10-25 14:13:46.418223,18351.181222917017,18360.893040857845,18333.601882214683,18337.879871849203,4920,18340.26347560604,139710,400600,323700,16400,18650,27064.0,724300,3000.0,0.0026147513492411,0.0026113388342228,0.0044360605587314,34.538795440294386,18284.981413666763,18221.825800988663,0.0142035343481079,0.8080379430853719,724300,3000.0,-2250,0.0014321110583597,2,SIDEWAYS,,,,377,,,False
2025-10-25 14:18:46.418223,18329.12815373949,18352.02179400224,18314.920877292552,18320.67971041221,4720,18325.95263924564,87851,404300,331300,16750,19950,-51859.0,735600,11300.0,-0.0009379580168042,-0.0009383981746786,0.004385893207068,34.72180410239374,18296.88084591525,18234.182539666606,0.0146156678041284,0.8194410091516201,735600,11300.0,-3200,0.0014382587644812,2,SIDEWAYS,,,,378,,,False
2025-10-25 14:23:46.418223,18306.2386952476,18308.073526178305,18273.09729742561,18297.049353601004,750,18299.63804769984,77681,395000,322400,16250,16300,-10170.0,717400,-18200.0,-0.001289818783185,-0.0012906513153865,0.0044901450485101,35.640419022694026,18296.937015143834,18242.040891408404,0.0134182095433599,0.8162025316455697,717400,-18200.0,-50,0.0014498762100301,2,SIDEWAYS,,,,379,,,False
2025-10-25 14:28:46.418223,18289.97005358162,18297.43451764804,18276.4210196098,18291.86551020552,4760,18303.566262250395,114459,390900,316800,18600,17150,36778.0,707700,-9700.0,-0.0002833158120363,-0.0002833559535417,0.00433628802304,34.595638952375815,18295.24651349773,18248.26896875804,0.0105825703742341,0.8104374520337683,707700,-9700.0,1450,0.0014473094441857,2,SIDEWAYS,,,,380,,,False
2025-10-25 14:33:46.418223,18231.97610808408,18234.99733096484,18219.76551761681,18232.608250232108,3410,18239.49618564392,103297,394900,325500,18650,16900,-11162.0,720400,12700.0,-0.0032395416388968,-0.0032448003141158,0.0046122481130484,37.27452135497124,18274.3670924092,18246.3113789423,0.0048211284988801,0.8242593061534566,720400,12700.0,1750,0.0014957830262606,2,SIDEWAYS,,,,381,,,False
2025-10-25 14:38:46.418223,18217.78562365752,18235.543972374588,18209.98040370685,18211.2113936459,4720,18216.94700023219,95584,402600,318600,17800,17600,-7713.0,721200,800.0,-0.0011735488577689,-0.0011742380054471,0.0046340797307829,36.438024734454565,18253.31519282143,18241.92388078025,0.0045712976267415,0.7913561847988078,721200,800.0,200,0.0014204281326049,2,SIDEWAYS,,,,382,,,False
2025-10-25 14:43:46.418223,18197.23482739486,18202.03617982304,18194.26655173069,18198.84365286121,2380,18208.09405385591,108752,406800,321100,17050,17300,13168.0,727900,6700.0,-0.0006791278469813,-0.0006793585587594,0.0046539894402944,35.04565453307998,18235.15801283469,18236.53885229037,0.0041046770423389,0.789331366764995,727900,6700.0,-250,0.0014071439958619,2,SIDEWAYS,,,,383,,,False
2025-10-25 14:48:46.418223,18201.5224313567,18221.71108461426,18184.306996079424,18196.547226445506,4490,18202.374504513435,117236,395300,325300,18250,16400,8484.0,720600,-7300.0,-0.000126185292841,-0.000126193254875,0.0045960039395611,35.21411410463404,18222.287750704963,18231.539899059764,0.005122766210897,0.8229193017961042,720600,-7300.0,1850,0.0013877357625836,2,SIDEWAYS,,,,384,,,False
2025-10-25 14:53:46.418223,18211.03765144176,18223.50949066312,18206.00429397697,18208.56409072058,1710,18209.78486590652,114740,391600,323600,16500,16750,-2496.0,715200,-5400.0,0.0006603925528032,0.0006601745895977,0.0046044567644833,34.62469625556096,18217.71319737684,18228.66792301737,0.0056325834725983,0.8263534218590398,715200,-5400.0,-250,0.0013812181571033,2,SIDEWAYS,,,,385,,,False
2025-10-25 14:58:46.418223,18262.542986405144,18287.74908888005,18257.928615714376,18277.823731772525,2790,18280.036340273207,106034,402000,319300,16350,19000,-8706.0,721300,6100.0,0.0038036849422542,0.0037964692244401,0.0050381104276896,37.80757496298288,18237.7500421754,18234.81239911176,0.009574094677655,0.7942786069651742,721300,6100.0,-2650,0.0014641004699007,2,SIDEWAYS,,,,386,,,False
2025-10-25 15:03:46.418223,18288.780175152096,18312.525468408752,18283.953406232897,18301.03787390687,1080,18298.49712500521,126336,396400,321400,17750,16300,20302.0,717800,-3500.0,0.0012700714524338,0.0012692655939474,0.0050639734605364,37.585729368214594,18258.845986085893,18243.090583461148,0.0101898638071349,0.8107971745711403,717800,-3500.0,1450,0.0014359119957428,2,SIDEWAYS,,,,387,,,False
2025-10-25 15:08:46.418223,18273.14345517332,18281.785461017786,18243.924542280307,18261.269737986306,1450,18275.905478340774,103947,391300,318000,19250,16050,-22389.0,709300,-8500.0,-0.0021729989410744,-0.002175363329103,0.005070698523586,38.98055810095372,18259.65390338603,18245.3629777768,0.0101488217005576,0.8126756963966266,709300,-8500.0,3200,0.0014644705477529,2,SIDEWAYS,,,,388,,,False
2025-10-25 15:13:46.418223,18248.71723651603,18264.50873108261,18247.54691452247,18256.28801265396,3110,18265.03673971201,100862,395300,315300,18500,19300,-3085.0,710600,1300.0,-0.0002728027899389,-0.0002728400073888,0.0050826075914505,37.40779084803835,18258.531939808672,18246.72860713644,0.0095646029035154,0.7976220591955477,710600,1300.0,-800,0.0014646846363763,2,SIDEWAYS,,,,389,,,False
2025-10-25 15:18:46.418223,18262.370169217265,18280.127046793143,18249.73862854765,18269.779181333342,4030,18259.40423914162,114277,399200,324000,19400,19950,13415.0,723200,12600.0,0.0007389875022805,0.0007387145854629,0.0048815270307724,36.90640709071369,18262.281020316896,18249.609928911053,0.0075204053701514,0.811623246492986,723200,12600.0,-550,0.001465607427254,2,SIDEWAYS,,,,390,,,False
2025-10-25 15:23:46.418223,18226.42233814553,18229.615335914816,18207.74504629266,18215.957972317432,3610,18226.88642736211,74789,406100,316200,19800,18550,-39488.0,722300,-900.0,-0.0029459145883329,-0.0029502623355419,0.0052118944911433,38.70124480142569,18246.84000431708,18245.40343433685,0.0043677712797773,0.7786259541984732,722300,-900.0,1250,0.001514647928063,2,SIDEWAYS,,,,391,,,False
2025-10-25 15:28:46.418223,18276.745356946485,18291.94655864996,18269.57953475936,18284.22765219592,1850,18279.84346389018,112315,392800,319400,19900,18700,37526.0,712200,-10100.0,0.0037477952014512,0.0037407897149783,0.0055991560009785,41.36462633936164,18259.302553610025,18250.256461569235,0.0081314922209092,0.8131364562118126,712200,-10100.0,1200,0.0015892675993797,2,SIDEWAYS,,,,392,,,False
2025-10-25 15:33:46.418223,18309.29155839299,18324.309712387352,18301.07043723592,18323.370780338577,3990,18329.897577715827,93935,406900,314600,17200,16150,-18380.0,721500,9300.0,0.0021408138690481,0.002138525592306,0.00568403660096,41.27301447165231,18280.65862918621,18259.395751415403,0.0092309586942707,0.7731629392971247,721500,9300.0,1050,0.0016045502205475,2,SIDEWAYS,,,,393,,,False
2025-10-25 15:38:46.418223,18296.593645782155,18301.010695897137,18279.320197208315,18286.324272697635,3320,18277.89047866195,73400,408400,324300,19350,18000,-20535.0,732700,11200.0,-0.0020218172783303,-0.0020238639099599,0.0058366322998668,41.47141223298155,18282.54717702336,18262.761816575683,0.0071313190118267,0.7940744368266406,732700,11200.0,1350,0.0016271073466802,2,SIDEWAYS,,,,394,,,False
2025-10-25 15:43:46.418223,18249.81971141032,18266.07262138105,18237.240491514985,18241.447580876207,4600,18242.75296071125,108503,408600,316200,18300,19550,35103.0,724800,-7900.0,-0.0024541122180815,-0.0024571284873236,0.0060357244085434,42.01515287224355,18268.847311640973,18260.097537113248,0.0045090853020184,0.7738619676945668,724800,-7900.0,-1250,0.0016322024154578,1,TRANSITION,,,,395,,,False
2025-10-25 15:48:46.418223,18287.102129918243,18316.8119450354,18266.50359847472,18296.40716950717,1690,18307.42673057453,90834,401700,320700,17800,16000,-17669.0,722400,-2400.0,0.0030128962291666,0.0030083665533364,0.0062514484001068,44.39723939273984,18278.033930929705,18264.636241162487,0.0074654313657023,0.7983569828230023,722400,-2400.0,1800,0.0016737541986177,0,TRENDED_UP,,,,396,,,False
2025-10-25 15:53:46.418223,18284.14333755464,18288.69801210837,18281.07189243461,18286.62536714394,4790,18297.94460841527,67710,396400,328900,16700,19150,-23124.0,725300,2900.0,-0.0005346296828991,-0.0005347726483044,0.0062614644955741,42.32138494129826,18280.89774300112,18267.38488191017,0.007167699986148,0.8297174571140262,725300,2900.0,-2450,0.0016756109044381,1,TRANSITION,,,,397,,,False
2025-10-25 15:58:46.418223,18318.3066721442,18328.50253964577,18315.80764710736,18323.357727910323,4740,18328.708746035245,82577,397500,319500,17650,19900,14867.0,717000,-8300.0,0.00200870089636,0.0020066861542726,0.0063039692446353,42.28965548133628,18295.051071304188,18274.38148766019,0.010084733956744,0.8037735849056604,717000,-8300.0,-2250,0.0016861608706505,0,TRENDED_UP,,,,398,,,False
2025-10-25 16:03:46.418223,18274.73094445845,18282.89767703284,18265.86610015697,18277.8430326046,740,18285.81654857648,133793,405200,315300,17700,17200,51216.0,720500,3500.0,-0.0024839713321971,-0.0024870615073186,0.0064984629035845,43.37551064362312,18289.315058404325,18274.81418077824,0.0078782835984319,0.7781342546890424,720500,3500.0,500,0.0017140032947634,1,TRANSITION,,,,399,,,False
2025-10-25 16:08:46.418223,18258.4907861768,18268.41149784957,18248.463138883988,18262.05754511303,3910,18257.965546379724,88866,399300,316200,18600,17700,-44927.0,715500,-5000.0,-0.0008636406092015,-0.000864013761614,0.0064747655346566,42.3758237205509,18280.22922064056,18273.21960132009,0.0053333491417963,0.791885800150263,715500,-5000.0,900,0.0017162656532364,0,TRENDED_UP,,,,400,,,False
2025-10-25 16:13:46.418223,18258.81698706301,18269.529820949967,18241.05860360641,18246.70708114837,1950,18253.303265426137,106459,402700,325400,17150,16850,17593.0,728100,12600.0,-0.0008405659617892,-0.0008409194354506,0.0063800488374237,41.38263755076571,18269.055174143166,18269.905536298626,0.0022215157050256,0.8080456915818227,728100,12600.0,300,0.001710754959264,1,TRANSITION,,,,401,,,False
2025-10-25 16:18:46.418223,18260.286349447782,18272.338185444405,18246.531558145547,18269.84851005866,610,18278.166611730543,78317,395500,314900,19300,17150,-28142.0,710400,-17700.0,0.0012682523376612,0.0012674487849988,0.0064160052962867,40.27006538991516,18269.31961944833,18269.89840801863,0.0034846626931106,0.7962073324905183,710400,-17700.0,2150,0.0017059155341632,0,TRENDED_UP,,,,402,,,False
2025-10-25 16:23:46.418223,18248.14550360841,18261.92639250676,18238.98228344314,18258.816927789107,1360,18276.54484681512,142018,400800,322400,18050,18000,63701.0,723200,12800.0,-0.0006038135600018,-0.0006039959288237,0.0060673466234651,39.59836262031542,18265.818722228592,18268.51322298994,-0.0008234818260808,0.8043912175648703,723200,12800.0,50,0.0017038088877646,1,TRANSITION,,,,403,,,False
2025-10-25 16:28:46.418223,18265.384907439216,18269.95255994352,18252.496512365604,18263.28995232192,4840,18263.527999880185,101386,406000,314600,16000,18000,-40632.0,720600,-2600.0,0.0002449788806415,0.0002449488782154,0.0060124348118133,38.01676868871535,18264.975798926367,18267.860314156434,0.0008461882193409,0.7748768472906404,720600,-2600.0,-2000,0.001703765352129,1,TRANSITION,,,,404,,,False
2025-10-25 16:33:46.418223,18236.339931833896,18248.71270099121,18226.86224174762,18235.943501615893,1580,18239.67987949129,86318,396800,313200,17450,19750,-15068.0,710000,-10600.0,-0.0014973452634993,-0.0014984674052147,0.0059856106078511,37.90326453768531,18255.298366489544,18263.870712588865,-0.0023917331161852,0.7893145161290323,710000,-10600.0,-2300,0.0017120065435742,0,TRENDED_UP,,,,405,,,False
2025-10-25 16:38:46.418223,18232.62795203621,18234.662285348,18212.30919425043,18218.66989531188,4720,18222.740575320848,117701,398700,316200,16000,19800,31383.0,714900,4900.0,-0.000947228549073,-0.0009476774535333,0.005992815156572,36.8840533110981,18243.08887609699,18258.22061042924,-0.0039029967121254,0.7930775018811136,714900,4900.0,-3800,0.0016700132538377,1,TRANSITION,,,,406,,,False
2025-10-25 16:43:46.418223,18236.100567219528,18245.82298588224,18234.968327082024,18240.789567943484,3940,18248.260541522093,141003,395100,320000,16400,17150,23302.0,715100,200.0,0.0012141211602554,0.0012133847111908,0.0058283653717123,36.18898454390267,18242.322440045824,18256.041730118523,-0.0052945217541077,0.8099215388509238,715100,200.0,-750,0.0016758103504705,0,TRENDED_UP,,,,407,,,False
2025-10-25 16:48:46.418223,18250.36053818149,18261.78966418184,18246.886003481377,18255.58066546141,3150,18264.05405176316,91834,402000,318000,18450,17650,-49169.0,720000,4900.0,0.0008108803329389,0.000810551747099,0.0058368301232721,35.10406395064911,18246.74184851769,18255.984097036384,-0.0035533094830428,0.7910447761194029,720000,4900.0,800,0.0016663756306536,1,TRANSITION,,,,408,,,False
2025-10-25 16:53:46.418223,18270.034480590177,18287.72674991772,18257.870138088485,18269.466364577696,2710,18278.93496373577,85919,396300,310800,17150,17450,-5915.0,707100,-12900.0,0.0007606276333109,0.000760338502717,0.0058154237393139,34.892779701053584,18254.31668720436,18257.66938047905,-0.001507510226936,0.7842543527630583,707100,-12900.0,-300,0.001667574722913,0,TRENDED_UP,,,,409,,,False
2025-10-25 16:58:46.418223,18239.421981431056,18256.623002530272,18237.887130212115,18249.675759124515,1230,18258.734690997266,145903,408100,321400,19750,16850,59984.0,729500,22400.0,-0.0010832612763967,-0.0010838484279567,0.0058440732668901,34.65609789137699,18252.769711177745,18256.67017780973,-0.0023064761250002,0.7875520705709385,729500,22400.0,2900,0.0016472973736061,1,TRANSITION,,,,410,,,False
2025-10-25 17:03:46.418223,18197.680179128245,18205.671356022223,18189.190228964027,18194.640463826,3820,18190.19486747377,97546,398800,329500,17200,16100,-48357.0,728300,-1200.0,-0.0030156861976574,-0.0030202425419219,0.0058043770933076,36.5010573391706,18233.39329539383,18248.916463561764,-0.0020824111331205,0.8262286860581746,728300,-1200.0,1100,0.0016677983057029,0,TRENDED_UP,,,,411,,,False
2025-10-25 17:08:46.418223,18232.772078882022,18238.83010956667,18221.76167801684,18237.919244462624,3590,18227.269046209592,95267,403300,326300,18950,17500,-2279.0,729600,1300.0,0.002378655446513,0.0023758309238051,0.0059288315387717,37.050242224991926,18234.90194508343,18247.54181117437,0.0014665609134625,0.8090751301760476,729600,1300.0,1450,0.0016895384769219,1,TRANSITION,,,,412,,,False
2025-10-25 17:13:46.418223,18242.045272436662,18246.43015463097,18225.368717371413,18232.74489092211,4620,18233.57789186721,57112,410000,320100,17450,16550,-38155.0,730100,500.0,-0.0002837140285115,-0.0002837542829521,0.0059167604716789,35.90818472746076,18234.18292702966,18245.69219614284,0.0018628237435056,0.7807317073170732,730100,500.0,900,0.0016897801209141,0,TRENDED_UP,,,,413,,,False
2025-10-25 17:18:46.418223,18221.7580941281,18235.394441618824,18213.80189995774,18221.543513330187,1510,18224.994217160325,99326,403800,321000,16850,16350,42214.0,724800,-5300.0,-0.000614354978306,-0.0006145437716522,0.0059285335871006,34.88563879414816,18229.969789129835,18242.67361079126,0.0013736829615869,0.7949479940564635,724800,-5300.0,500,0.0016846070477431,1,TRANSITION,,,,414,,,False
2025-10-25 17:23:46.418223,18264.38717268952,18268.9072932748,18258.38461765416,18262.794935853748,4740,18263.087499842328,72881,389500,327700,18550,16850,-26445.0,717200,-7600.0,0.0022638818985549,0.0022613231789598,0.0060534033224592,35.77693459060982,18240.91150470448,18245.18877642407,0.0029783153060818,0.8413350449293967,717200,-7600.0,1700,0.0017073950469057,0,TRENDED_UP,,,,415,,,False
2025-10-25 17:28:46.418223,18267.7392135818,18274.34242106806,18262.8920231337,18269.7971467631,1860,18270.93152864604,88798,396000,323700,19350,18950,15917.0,719700,2500.0,0.0003834139809348,0.0003833404965778,0.005651510624913,34.04625963516001,18250.54005205736,18248.26482271645,-0.0004391433645064,0.8174242424242424,719700,2500.0,400,0.0017073291355078,1,TRANSITION,,,,416,,,False
2025-10-25 17:33:46.418223,18300.265453725537,18310.78510529064,18290.81482599816,18296.88423328056,2400,18298.69791507136,59713,399300,326300,18250,19100,-29085.0,725600,5900.0,0.0014826156141674,0.001481517624768,0.0056690079492264,34.5420952703301,18265.98811246509,18254.342249036963,-0.0002269620255925,0.8171800651139494,725600,5900.0,-850,0.0017147565522459,1,TRANSITION,,,,417,,,False
2025-10-25 17:38:46.418223,18302.301978887168,18305.015999231648,18300.75502270565,18301.098853313204,4700,18307.929414527563,124702,398700,314600,16550,18900,64989.0,713300,-12300.0,0.0002303463244839,0.0002303197988418,0.0055236086766296,32.65564317609838,18277.6916927478,18260.18682457149,0.0021810704238187,0.7890644594933534,713300,-12300.0,-2350,0.0016879652986243,0,TRENDED_UP,,,,418,,,False
2025-10-25 17:43:46.418223,18359.14774541074,18378.371813284364,18356.259017700817,18366.730506443328,1910,18364.70818952415,70667,404300,309900,17750,19750,-54035.0,714200,900.0,0.003586213792744,0.0035797986608425,0.0058688267007947,35.84259437574565,18307.371297312973,18273.504784805475,0.0060495591279465,0.7665100173138758,714200,900.0,-2000,0.0017433040390116,1,TRANSITION,,,,419,,,False
2025-10-25 17:48:46.418223,18407.73536021565,18410.39277455089,18402.52501397749,18403.715439968702,4060,18406.966487017195,61184,391000,313000,18250,18400,-9483.0,704000,-10200.0,0.0020136917407482,0.0020116669812395,0.005952390991177,36.40114249944697,18339.48601153155,18289.78111670088,0.0073310277757601,0.8005115089514067,704000,-10200.0,-150,0.0017275780370778,0,TRENDED_UP,,,,420,,,False
2025-10-25 17:53:46.418223,18401.04635395084,18411.692432219774,18364.378554050003,18386.26500409989,1220,18389.555187889484,81835,409700,315800,17750,16400,20651.0,725500,21500.0,-0.000948201787065,-0.0009486516147525,0.0056948740969286,37.18062361875582,18355.07900905433,18301.84160262576,0.0093493316157882,0.7708079082255309,725500,21500.0,1350,0.0017344483379805,1,TRANSITION,,,,421,,,False
2025-10-25 17:58:46.418223,18428.067067231743,18456.482026858142,18411.208317630568,18444.18779199497,3770,18450.94592318363,124946,390900,331100,16400,17300,43111.0,722000,-3500.0,0.0031503292203263,0.0031453773305578,0.0055831957562009,39.54036641443424,18384.781936701213,18319.63487629691,0.0087485314032302,0.8470196981325148,722000,-3500.0,-900,0.0017745205854756,1,TRANSITION,,,,422,,,False
2025-10-25 18:03:46.418223,18446.09971192832,18473.160490674338,18440.41861752192,18458.8409317698,2160,18468.96692494039,91100,398400,308600,18000,16650,-33846.0,707000,-15000.0,0.0007944583919921,0.000794142976968,0.0054852233970052,39.05475975286175,18409.46826839074,18337.035633231026,0.0073932985941966,0.7745983935742972,707000,-15000.0,1350,0.001772956887684,0,TRENDED_UP,,,,423,,,False
2025-10-25 18:08:46.418223,18484.192322209205,18490.31106892968,18462.66956946894,18472.249106115632,2170,18485.276331350724,93774,392700,321600,17950,16250,2674.0,714300,7300.0,0.0007263822466099,0.0007261185587097,0.0053242203439646,38.51300099622035,18430.39521429904,18353.9373173416,0.0101674251558359,0.8189457601222307,714300,7300.0,1700,0.0017736646437228,1,TRANSITION,,,,424,,,False
2025-10-25 18:13:46.418223,18457.642503629253,18474.98082412292,18449.23978459021,18464.00769367984,1030,18463.56830136584,109568,395100,325000,17350,19450,15794.0,720100,5800.0,-0.0004461510013452,-0.0004462505563154,0.0050873099112088,37.60071803454101,18441.59937409264,18367.69611438388,0.0122007922790599,0.8225765628954695,720100,5800.0,-2100,0.0017761140052134,0,TRENDED_UP,,,,425,,,False
2025-10-25 18:18:46.418223,18476.831386574697,18493.91656280425,18469.93082816485,18472.184696561108,3080,18464.795963381985,96966,404100,331100,17250,17950,-12602.0,735200,15100.0,0.0004428617566092,0.000442763722285,0.0048502705570307,37.05130025524598,18451.79448158213,18380.757187156032,0.009607215527368,0.8193516456322693,735200,15100.0,-700,0.0017760284717263,1,TRANSITION,,,,426,,,False
2025-10-25 18:23:46.418223,18506.37424415029,18516.61477984772,18503.64715175471,18508.812340658027,4880,18511.17076187049,124759,405100,327900,19700,16000,27793.0,733000,-2200.0,0.0019828539340958,0.0019808906740443,0.0049131242298835,37.57835618605797,18470.80043460743,18396.764081343783,0.0121502447309549,0.809429770427055,733000,-2200.0,3700,0.0017880437612593,0,TRENDED_UP,,,,427,,,False
2025-10-25 18:28:46.418223,18457.8013266162,18471.24999236088,18451.40369023244,18460.51669187561,1600,18455.410788805093,95207,397200,325300,18700,19200,-29552.0,722500,-10500.0,-0.0026093326731897,-0.0026127429152857,0.0051081584086764,38.99480577459598,18467.37252036349,18404.733157660263,0.0074854710584166,0.8189828801611279,722500,-10500.0,-500,0.0018213809739689,1,TRANSITION,,,,428,,,False
2025-10-25 18:33:46.418223,18425.254108354213,18430.597582512284,18404.41655161752,18423.094596711308,2810,18441.893026355017,95535,402300,312100,16700,19250,328.0,714400,-8100.0,-0.0020271423486631,-0.0020291997826582,0.0050317407390513,40.2166153805602,18452.61321247943,18407.028337541644,0.0079468657131809,0.7757892120308227,714400,-8100.0,-2550,0.0018444329990526,0,TRENDED_UP,,,,429,,,False
2025-10-25 18:38:46.418223,18369.163853091115,18379.78504890115,18353.83057299265,18361.96529312432,2100,18360.829345645336,145283,401400,317100,17650,18150,49748.0,718500,4100.0,-0.0033180801013689,-0.0033235971365055,0.0053994117598781,42.29143026185256,18422.397239361064,18401.39545698948,0.0054707826741038,0.7899850523168909,718500,4100.0,-500,0.0018919849842862,1,TRANSITION,,,,430,,,False
2025-10-25 18:43:46.418223,18361.925803690487,18369.73035050504,18352.53362720731,18355.58597190697,4010,18362.361938849142,101103,404200,312200,17200,17500,-44180.0,716400,-2100.0,-0.0003474203940326,-0.0003474807584797,0.0053752364251865,40.498951192986624,18400.126816876367,18395.669271354163,0.0059670432738565,0.7723899059871351,716400,-2100.0,-300,0.0018732575960312,0,TRENDED_UP,,,,431,,,False
2025-10-25 18:48:46.418223,18381.883447606644,18385.72232705964,18367.00322098173,18373.46278110364,3760,18382.28608231368,104611,393100,333200,19200,16900,3508.0,726300,9900.0,0.0009739165627309,0.0009734426136951,0.0053581447786358,39.75876576153519,18391.238804952125,18392.89346007285,0.0056713262284542,0.8476214703637751,726300,9900.0,2300,0.0018762821124511,1,TRANSITION,,,,432,,,False
2025-10-25 18:53:46.418223,18423.53862098173,18424.528373771867,18392.87067361744,18415.87606669217,680,18421.44109948022,95791,404100,320300,19550,18800,-8820.0,724400,-1900.0,0.0023083991348733,0.0023057388747655,0.0054691831755253,40.56639625487029,18399.45122553214,18395.766285900263,0.0086018245061665,0.7926255877258105,724400,-1900.0,750,0.0018399308235412,1,TRANSITION,,,,433,,,False
2025-10-25 18:58:46.418223,18425.770623633045,18429.339432657183,18423.05119769688,18425.15171775137,3390,18440.31591435939,51435,387200,311100,18000,17350,-44356.0,698300,-26100.0,0.0005036768832289,0.0005035500806034,0.0054705266550923,38.63046551988053,18408.01805627188,18399.43946488165,0.008862683878535,0.8034607438016529,698300,-26100.0,650,0.0018291408979918,0,TRENDED_UP,,,,434,,,False
2025-10-25 19:03:46.418223,18471.02310379664,18474.00788705329,18451.423187893,18464.41269414882,990,18466.98396808749,117457,405400,325700,17950,16350,66022.0,731100,32800.0,0.002130835989786,0.0021285689786267,0.0054617011246219,39.360872932883225,18426.816268897528,18407.56111854005,0.0125285095620462,0.8034040453872718,731100,32800.0,1600,0.0018354739206777,1,TRANSITION,,,,435,,,False
2025-10-25 19:08:46.418223,18433.00915585126,18451.131630927022,18429.301650276186,18439.295291837283,2240,18438.364761518267,133210,404200,324000,17000,18200,15753.0,728200,-2900.0,-0.0013603141744928,-0.0013612402417422,0.0055013765252655,39.0573137142941,18430.975943210786,18411.527890202204,0.0121098520250468,0.801583374567046,728200,-2900.0,-1200,0.0018452118574302,1,TRANSITION,,,,436,,,False
2025-10-25 19:13:46.418223,18386.1554381642,18411.74156354463,18374.011421204374,18399.827807657613,3510,18398.61365116106,125114,404200,309800,16200,18600,-8096.0,714000,-14200.0,-0.0021404008968358,-0.0021426948287093,0.0056652245369714,40.9306392084809,18420.59323135973,18410.06537988413,0.0087188243207203,0.7664522513607125,714000,-14200.0,-2400,0.0018391539904945,0,TRENDED_UP,,,,437,,,False
2025-10-25 19:18:46.418223,18384.8073862006,18389.810079377312,18378.482681207992,18379.47530264244,2330,18387.286611045205,88838,404700,320400,19400,16700,-36276.0,725100,11100.0,-0.0011061247544232,-0.0011067369619031,0.0057112232197413,39.53167401141952,18406.88725512064,18406.24162022892,0.0067866719471394,0.7916975537435137,725100,11100.0,2700,0.0018408246296221,1,TRANSITION,,,,438,,,False
2025-10-25 19:23:46.418223,18395.585846537542,18405.56829046012,18387.24668096503,18397.787839558365,2340,18400.419836766145,96535,405200,334000,17400,19800,7697.0,739200,14100.0,0.0009963579816283,0.0009958619464729,0.0057202193515371,38.57176785472405,18403.85411659988,18405.1848976451,0.007023821737315,0.824284304047384,739200,14100.0,-2400,0.0018361903278655,1,TRANSITION,,,,439,,,False
2025-10-25 19:28:46.418223,18394.86765784796,18404.192716164795,18386.056571962687,18399.46347858527,3880,18398.250094745577,106983,399700,312900,16650,18900,10448.0,712600,-26600.0,9.107828840715372e-05,9.10741410304894e-05,0.0056681889745602,37.11208045096576,18402.39057059501,18404.46972026262,0.0082076920947957,0.7828371278458844,712600,-26600.0,-2250,0.0018355308616039,0,TRENDED_UP,,,,440,,,False
2025-10-25 19:33:46.418223,18338.093914452988,18346.65121029496,18332.00983351872,18342.42172543896,3560,18348.518591695884,106278,398200,306200,16850,16250,-705.0,704400,-8200.0,-0.0031001856772997,-0.0031050012081852,0.0056849407328952,39.2793350663647,18382.400955542995,18396.71372090966,0.0081222413768919,0.7689603214465093,704400,-8200.0,600,0.0018312998339003,0,TRENDED_UP,,,,441,,,False
2025-10-25 19:38:46.418223,18335.825998161665,18343.458731984912,18326.41897825205,18336.52234944974,3590,18344.09120319978,113619,396900,320300,19900,18450,7341.0,717200,12800.0,-0.0003216247056971,-0.0003216764380145,0.0055553309194222,37.690793542543005,18367.108086845245,18389.18979947717,0.0054064887373077,0.8070042831947594,717200,12800.0,1450,0.0018245397010601,1,TRANSITION,,,,442,,,False
2025-10-25 19:43:46.418223,18300.16628846563,18319.72637838711,18296.67621235185,18306.96189434338,3950,18312.113318834374,104061,400300,319500,19900,16050,-9558.0,719800,2600.0,-0.0016121080400638,-0.0016134088844861,0.0056437283422072,37.84474665363931,18347.05935601129,18378.911311335447,0.0040705337493216,0.7981513864601549,719800,2600.0,3850,0.0018353787171498,0,TRENDED_UP,,,,443,,,False
2025-10-25 19:48:46.418223,18318.741389340823,18332.813797235565,18309.607064325603,18323.15848626554,1300,18331.768152143923,92773,411200,318400,16700,17800,-11288.0,729600,9800.0,0.0008847230914466,0.0008843319546532,0.0056414490461328,36.98811495639249,18339.092399429377,18371.942208201708,0.0055766391503011,0.77431906614786,729600,9800.0,-1100,0.0018379145441983,1,TRANSITION,,,,444,,,False
2025-10-25 19:53:46.418223,18329.000876312635,18339.94808231751,18306.83358951611,18317.65831850093,4230,18321.80597825118,102738,406900,321300,16050,19450,9965.0,728200,-1400.0,-0.0003001757458318,-0.0003002208075884,0.0055119278648341,36.71142765960731,18331.94770578656,18365.15672198911,0.003004106591564,0.7896289014499878,728200,-1400.0,-3400,0.0018372730696483,1,TRANSITION,,,,445,,,False
2025-10-25 19:58:46.418223,18303.361529598296,18313.932485550453,18302.753409789115,18311.31576843437,2050,18311.71701328888,119975,391400,325100,18200,18950,17237.0,716500,-11700.0,-0.0003462533232292,-0.000346313282753,0.0055150148854599,35.1538191633364,18325.07039333583,18358.426602794767,0.002272527786584,0.8306080735820133,716500,-11700.0,-750,0.0017726948449374,0,TRENDED_UP,,,,446,,,False
2025-10-25 20:03:46.418223,18289.441621071663,18305.28777384895,18286.16708450836,18297.55564805621,3240,18305.66915057422,158325,400300,320600,17550,18200,38350.0,720900,4400.0,-0.0007514544859675,-0.0007517369694145,0.0054703461904754,34.43916664638456,18315.89881157596,18350.817733452448,3.669557980967575e-05,0.8008993255058706,720900,4400.0,-650,0.0017679524778976,1,TRANSITION,,,,447,,,False
2025-10-25 20:08:46.418223,18260.58866249015,18265.64126678529,18242.41854093149,18253.61963570005,3320,18252.39615990056,90021,406400,315200,18900,18850,-68304.0,721600,700.0,-0.0024011957226006,-0.0024040832162661,0.0056370405549742,35.917590966265884,18295.13908628399,18338.6679712334,-0.0025943369845552,0.7755905511811023,721600,700.0,50,0.0017729549675818,0,TRENDED_UP,,,,448,,,False
2025-10-25 20:13:46.418223,18259.054497007368,18259.71057865944,18248.00630372034,18259.40085150984,4810,18256.868900659167,104524,408000,325800,16600,16100,14503.0,733800,12200.0,0.0003167161322064,0.0003166659882385,0.0052141715404084,34.18806839289691,18283.22634135928,18328.75958126795,-0.0058436995575144,0.7985294117647059,733800,12200.0,500,0.001773090126071,1,TRANSITION,,,,449,,,False
2025-10-25 20:18:46.418223,18285.4160926182,18306.248939830617,18281.40629020615,18291.66357009905,2980,18301.66517543921,92734,398900,320700,18400,17100,-11790.0,719600,-14200.0,0.0017669100345394,0.0017653508853179,0.0051808703595125,35.092355530602674,18286.0387509392,18324.12257987184,-0.0060885461001153,0.8039608924542492,719600,-14200.0,1300,0.001785223865617,0,TRENDED_UP,,,,450,,,False
2025-10-25 20:23:46.418223,18258.5820393348,18262.422728698235,18244.1650897584,18256.671152561423,1960,18258.41732298656,106151,404700,314400,19100,17050,13417.0,719100,-500.0,-0.0019130254284157,-0.0019148575985923,0.0052563937970303,35.97850730274875,18276.24955147994,18315.691151458035,-0.0070484055086538,0.7768717568569311,719100,-500.0,2050,0.0017608639910829,1,TRANSITION,,,,451,,,False
2025-10-25 20:28:46.418223,18272.57474614858,18287.660664923016,18262.841162364763,18282.37778193797,4840,18295.17005624369,119513,399200,317100,18900,16200,13362.0,716300,-2800.0,0.0014080677228465,0.00140707732508,0.0049655500170348,35.62215052123766,18278.29229496595,18311.526980268027,-0.0087729539452655,0.7943386773547094,716300,-2800.0,2700,0.0017024764422812,0,TRENDED_UP,,,,452,,,False
2025-10-25 20:33:46.418223,18258.229348024288,18287.863008162258,18255.87362092116,18279.80941110241,560,18288.16288981781,95837,393600,325900,17100,19300,-23676.0,719500,3200.0,-0.0001404834133825,-0.0001404932821014,0.0049250898343356,35.36266742979908,18278.798000344774,18307.562284122323,-0.0096989578776451,0.8279979674796748,719500,3200.0,-2200,0.0016791812529196,1,TRANSITION,,,,453,,,False
2025-10-25 20:38:46.418223,18236.709940806893,18236.722028907352,18217.980194811786,18229.543041159548,2060,18230.87103394451,59079,389100,328300,16250,18600,-36758.0,717400,-2100.0,-0.0027498300891656,-0.0027536178172571,0.0050728805432704,37.2531352055724,18262.379680616366,18297.809878751978,-0.0131389558229664,0.8437419686455924,717400,-2100.0,-2350,0.0016963517324218,1,TRANSITION,,,,454,,,False
2025-10-25 20:43:46.418223,18233.96469210993,18237.569738252976,18216.896625098543,18221.373732843866,2200,18227.675894320684,120571,395100,315800,19550,17550,61492.0,710900,-6500.0,-0.0004481356607369,-0.0004482361035318,0.0050728813787118,36.06884791620529,18248.711031358867,18288.255360513464,-0.0131409152802198,0.7992913186535054,710900,-6500.0,2000,0.0016676552558325,0,TRENDED_UP,,,,455,,,False
2025-10-25 20:48:46.418223,18205.853864985347,18217.337507836968,18194.718980608748,18208.61950346187,1180,18226.0727216758,102608,393500,318500,16450,17100,-17963.0,712000,1100.0,-0.0006999598147205,-0.0007002049009656,0.0050477005901764,35.396412510413306,18235.347188726537,18278.30087838201,-0.0142682198900007,0.8094027954256671,712000,1100.0,-650,0.0016216650254235,1,TRANSITION,,,,456,,,False
2025-10-25 20:53:46.418223,18190.92256221575,18202.847688412847,18177.96491583865,18197.485506043024,1430,18205.24276551941,93159,403700,322200,16100,18100,-9449.0,725900,13900.0,-0.0006114685090062,-0.0006116555321185,0.0048345958673806,35.0577107327566,18222.72662783203,18268.19895683964,-0.0168204652402853,0.7981174139212286,725900,13900.0,-2000,0.0016220606588261,1,TRANSITION,,,,457,,,False
2025-10-25 20:58:46.418223,18158.44773738892,18162.61182024091,18142.269172620778,18156.351649897028,4180,18163.15137919856,88694,402000,313100,19900,17850,-4465.0,715100,-10800.0,-0.0022604142826401,-0.0022629728753837,0.0047886465501988,36.497612353434405,18200.60163518703,18254.218043471818,-0.0164765183475306,0.7788557213930348,715100,-10800.0,2050,0.001622556738056,0,TRENDED_UP,,,,458,,,False
2025-10-25 21:03:46.418223,18212.223330218803,18233.263781155594,18204.18913089657,18225.456884097515,4120,18225.8502564886,106224,401500,328800,19150,16650,17530.0,730300,15200.0,0.0038061189567717,0.0037988940128759,0.005309761346449,39.384363703801,18208.88671815719,18250.62289855003,-0.0107277152367807,0.8189290161892901,730300,15200.0,2500,0.00167146950569,1,TRANSITION,,,,459,,,False
2025-10-25 21:08:46.418223,18213.36883000091,18228.644173784505,18194.24767106282,18201.17856942674,4250,18214.890725962603,86082,401300,315500,18650,17250,-20142.0,716800,-13500.0,-0.0013321100713782,-0.0013329981187393,0.0050508691813516,39.02808791936405,18206.31733524704,18244.44235740961,-0.0087565095092403,0.7861948666832793,716800,-13500.0,1400,0.0016764401199869,0,TRENDED_UP,,,,460,,,False
2025-10-25 21:13:46.418223,18194.44426413662,18208.075262804126,18191.66038721832,18200.747898769787,2350,18211.58428397052,88419,404800,327300,18000,19900,2337.0,732100,15300.0,-2.366169065970425e-05,-2.366197060155173e-05,0.0050530737972839,37.41285846696717,18204.46085642129,18238.98055007964,-0.008435474267842,0.8085474308300395,732100,15300.0,-1900,0.0016732688289628,1,TRANSITION,,,,461,,,False
2025-10-25 21:18:46.418223,18200.46707354774,18210.266643147766,18193.63057785172,18194.95359858805,4410,18195.396307108866,75027,407400,318800,16850,18700,-13392.0,726200,-5900.0,-0.0003183550595812,-0.0003184057453111,0.0049984516734077,35.928801811901415,18201.29177047688,18233.4771811432,-0.0097155982322058,0.7825233186057928,726200,-5900.0,-1850,0.0016647370209145,0,TRENDED_UP,,,,462,,,False
2025-10-25 21:23:46.418223,18197.582672347133,18232.98534673412,18191.17975826252,18213.22693314374,2190,18227.14409434944,86352,402000,325900,17000,18150,11325.0,727900,1700.0,0.00100430784045,0.0010038038607369,0.0048197750101627,36.34857228759427,18205.2701580325,18230.945900143262,-0.0110040452495742,0.8106965174129354,727900,1700.0,-1150,0.0016689055053746,1,TRANSITION,,,,463,,,False
2025-10-25 21:28:46.418223,18191.733919444523,18220.730583467288,18176.34056017165,18209.857574012145,2530,18214.39957438325,112617,399500,321300,16050,19050,26265.0,720800,-7100.0,-0.0001849951765253,-0.0001850122902435,0.0047937624440801,36.92296164531159,18206.799296692385,18228.30985937688,-0.0116847962522774,0.8042553191489362,720800,-7100.0,-3000,0.0016685770248423,0,TRENDED_UP,,,,464,,,False
2025-10-25 21:33:46.418223,18208.68286319525,18217.41190961764,18200.38946607549,18201.70295985929,910,18200.75438716669,72376,399000,323600,17900,18950,-40241.0,722600,1800.0,-0.0004478131758972,-0.0004479134741615,0.0045572994853348,35.501496066514434,18205.100517748026,18224.98399693717,-0.01422789550045,0.8110275689223058,722600,1800.0,-1050,0.0016585895487187,1,TRANSITION,,,,465,,,False
2025-10-25 21:38:46.418223,18229.56674341988,18241.894567132484,18199.923988010545,18224.55764917569,620,18224.930239102567,123041,395200,314700,17200,17100,50665.0,709900,-12700.0,0.0012556346714811,0.0012548470215314,0.0046302950355653,35.963573427616154,18211.58622822391,18224.93070346699,-0.0116456534408151,0.7963056680161943,709900,-12700.0,100,0.0016623340542526,0,TRENDED_UP,,,,466,,,False
2025-10-25 21:43:46.418223,18215.248456016743,18237.506186269464,18212.15773079457,18223.077259482303,2030,18231.520200881085,76420,394800,317600,19800,19000,-46621.0,712400,2500.0,-8.123048701025315e-05,-8.123378638558165e-05,0.0045156238691417,35.20535071670742,18215.416571976708,18224.699022968904,-0.0096060979495553,0.8044579533941236,712400,2500.0,800,0.0016547733848581,1,TRANSITION,,,,467,,,False
2025-10-25 21:48:46.418223,18199.704236230013,18203.46246525541,18193.013836991624,18196.18140456653,3230,18195.27068483099,102998,396800,322700,16550,17650,26578.0,719500,7100.0,-0.0014759227836655,-0.0014770130305752,0.004542147175112,34.83807012913396,18209.00484950665,18221.134320668607,-0.0099727492247588,0.8132560483870968,719500,7100.0,-1100,0.0016617404645677,1,TRANSITION,,,,468,,,False
2025-10-25 21:53:46.418223,18192.37891856876,18194.32611890441,18191.284318851805,18191.96584952687,3470,18189.58388598255,109698,399700,320700,16350,17150,6700.0,720400,900.0,-0.0002316725111679,-0.0002316993513904,0.0044746460981102,32.69942838524788,18203.32518284673,18217.48826177589,-0.0111873227274065,0.8023517638228671,720400,900.0,-800,0.0016584294084153,1,TRANSITION,,,,469,,,False
2025-10-25 21:58:46.418223,18129.852406709644,18133.52187645769,18126.51089936167,18130.08255086828,1000,18131.321518199737,116492,392700,320600,16750,16500,6794.0,713300,-7100.0,-0.0034016828731129,-0.0034074817506599,0.0047861076641564,35.039108512387315,18178.910972187245,18206.56254791244,-0.0146406947153929,0.8163992869875223,713300,-7100.0,250,0.0017088495878897,0,TRENDED_UP,,,,470,,,False
2025-10-25 22:08:46.418223,18126.181932962765,18128.589243934133,18115.90875823162,18126.056520211143,2610,18126.020364933087,98319,406400,325300,16250,17100,-18173.0,731700,18400.0,-0.000222063559051,-0.0002220882188144,0.0045320600533595,33.548728806978126,18161.292821528543,18196.49929444977,-0.0117958908843395,0.8004429133858267,731700,18400.0,-850,0.0016657061875506,1,TRANSITION,,,,471,,,False
2025-10-25 22:13:46.418223,18171.14434395572,18177.120498764703,18162.306959437672,18164.877772485444,1930,18166.03699198579,96568,409300,329200,19650,18950,-1751.0,738500,6800.0,0.0021417373509242,0.0021394471009781,0.004757356158563,34.79981807459115,18162.487805180845,18192.54660420423,-0.0093608031933845,0.804300024431957,738500,6800.0,700,0.0016601103787139,0,TRENDED_UP,,,,472,,,False
2025-10-25 22:18:46.418223,18164.5393513754,18165.17086235022,18156.979721045736,18160.06067691913,4060,18168.68814710865,111930,409500,322900,17300,19550,15362.0,732400,-6100.0,-0.0002651873371596,-0.0002652225055399,0.0046951202936229,32.89919830529776,18161.678762426945,18188.4858632936,-0.0080243362209456,0.7885225885225885,732400,-6100.0,-2250,0.0016600710694107,1,TRANSITION,,,,473,,,False
2025-10-25 22:23:46.418223,18180.437287259483,18204.358035656096,18180.06152302965,18193.560217811955,520,18198.59893761275,105560,395900,313300,19750,16500,-6370.0,709200,-23200.0,0.0018446822116295,0.0018429828749013,0.0048048966362598,33.713352621845566,18172.305914221943,18189.120157608388,-0.0070729218737439,0.7913614549128568,709200,-23200.0,3250,0.0016765572073251,0,TRENDED_UP,,,,474,,,False
2025-10-25 22:28:46.418223,18189.10915504049,18198.72950384084,18177.50364671681,18177.68178451344,3030,18178.50537481258,93083,397700,322600,19650,16800,-12477.0,720300,11100.0,-0.0008727501988846,-0.0008731312670722,0.0048185416542101,32.82138865771595,18174.097870985777,18187.69036097152,-0.0076416172609854,0.8111641941161679,720300,11100.0,2850,0.0016527545076104,1,TRANSITION,,,,475,,,False
2025-10-25 22:33:46.418223,18273.48931339291,18286.304117234868,18266.157715013804,18280.91936153773,3840,18282.22910852269,107419,409200,325200,18100,17700,14336.0,734400,14100.0,0.00567935880098,0.0056632920466554,0.0058822579761175,38.23574180512399,18209.70503450309,18199.34398604229,-0.0016599793964036,0.7947214076246334,734400,14100.0,400,0.001810738671378,1,TRANSITION,,,,476,,,False
2025-10-25 22:38:46.418223,18304.385949014144,18312.94870688665,18296.53509877072,18301.832826443013,3050,18304.77032820976,96657,404400,311900,19300,16550,-10762.0,716300,-18100.0,0.0011440050957876,0.0011433512206018,0.0059060198639969,37.79242777253808,18240.41429848307,18212.155091092383,0.0002337568180728,0.7712660731948566,716300,-18100.0,2750,0.0018066028114882,0,TRENDED_UP,,,,477,,,False
2025-10-25 22:43:46.418223,18301.057116154658,18302.6851587582,18294.28812116447,18298.497162743424,1470,18301.748361724203,87989,404800,318000,16950,19700,-8668.0,722800,6500.0,-0.0001822584509005,-0.0001822750619915,0.0057341213270034,35.69275704548021,18259.77525323652,18222.947850048764,0.0024585549572646,0.7855731225296443,722800,6500.0,-2750,0.0018065139588484,1,TRANSITION,,,,478,,,False
2025-10-25 22:48:46.418223,18275.02755492573,18290.593707542303,18260.951751873905,18282.249589015224,2220,18285.521090136863,92433,408400,310500,18750,17250,4444.0,718900,-3900.0,-0.0008879184767851,-0.0008883129098951,0.005758650999717,35.82508946148301,18267.26669849609,18230.36056741957,0.0012513410320085,0.7602840352595495,718900,-3900.0,1500,0.001747474213914,0,TRENDED_UP,,,,479,,,False
2025-10-25 22:53:46.418223,18231.226104569672,18238.13166139772,18219.78282172729,18234.32588058889,1990,18242.78796258812,109728,397400,316800,19700,19950,17295.0,714200,-4700.0,-0.0026213244815959,-0.0026247661684504,0.0058599297813081,37.7280664490866,18256.28642586036,18230.856231565736,-0.0031346350369074,0.7971816809260192,714200,-4700.0,-250,0.0017560457840526,1,TRANSITION,,,,480,,,False
2025-10-25 22:58:46.418223,18236.973409869715,18245.31468308621,18230.72109224976,18242.176536898525,3280,18246.9032950126,81438,403800,322100,18800,19700,-28290.0,725900,11700.0,0.0004305427226125,0.0004304500656893,0.0057680710817616,36.07560390532671,18251.58312953975,18232.271269732337,-0.000793935298597,0.7976721149083705,725900,11700.0,-900,0.0017544946234649,1,TRANSITION,,,,481,,,False
2025-10-25 23:03:46.418223,18216.47698350169,18228.46975584985,18209.005510272265,18225.29544029388,1080,18230.17867680016,122126,407700,314800,16200,18700,40688.0,722500,-3400.0,-0.0009253882929209,-0.0009258167290013,0.0057262705887904,35.868134099679075,18242.8205664578,18231.39929105253,-0.0031222602620366,0.7721363747853814,722500,-3400.0,-2500,0.001703618481888,1,TRANSITION,,,,482,,,False
2025-10-25 23:08:46.418223,18177.83750799676,18185.9978125254,18166.184566753745,18174.826273019487,4950,18186.240711053808,88854,399500,319200,18450,17550,-33272.0,718700,-3800.0,-0.0027691823948605,-0.0027730236735337,0.0059252824858864,37.52832977399741,18220.15580197836,18224.3276637984,-0.0057431199484586,0.7989987484355444,718700,-3800.0,900,0.0017304058929187,0,TRENDED_UP,,,,483,,,False
2025-10-25 23:13:46.418223,18160.397712345817,18164.826174115413,18148.52121360625,18154.83848104943,1620,18168.69053983501,54802,398500,323200,19500,18050,-34052.0,721700,3000.0,-0.0010997514732632,-0.0011003566436471,0.0057573987380941,36.72666760537163,18198.38336166872,18215.64151595478,-0.0040979941154556,0.8110414052697617,721700,3000.0,1450,0.0017288570855303,1,TRANSITION,,,,484,,,False
2025-10-25 23:18:46.418223,18131.14089552973,18140.88033706884,18116.622525669914,18121.3033869848,3730,18118.235606420832,111050,398100,307600,16200,16050,56248.0,705700,-16000.0,-0.0018471711604396,-0.0018488792848767,0.0058377554270711,36.83304530352489,18172.69003677408,18203.849249833533,-0.0054919210442785,0.7726701833710123,705700,-16000.0,150,0.0017404651712216,0,TRENDED_UP,,,,485,,,False
2025-10-25 23:23:46.418223,18177.2654808251,18181.777079187483,18160.467493058062,18169.76362765805,2920,18164.791064225978,45970,392300,316400,17450,18550,-65080.0,708700,3000.0,0.0026742138596971,0.0026706445118627,0.0060501020891739,38.52166293917925,18171.71456706874,18199.5885470616,-0.0021339276048045,0.8065256181493755,708700,3000.0,-1100,0.001780158140275,1,TRANSITION,,,,486,,,False
2025-10-25 23:28:46.418223,18201.502096931115,18247.253567755262,18198.953473984944,18228.341071114268,3590,18230.07601117959,79761,407600,326200,16900,16500,33791.0,733800,25100.0,0.0032238968352373,0.003218711222102,0.0063232443347221,41.30511130761027,18190.59006841725,18203.18261256818,0.0016955949799217,0.8002944062806673,733800,25100.0,400,0.001813604674163,1,TRANSITION,,,,487,,,False
2025-10-25 23:33:46.418223,18201.466440915545,18223.540653349013,18177.12591900201,18212.793937724786,1060,18220.71538430979,148449,397500,321000,19800,19050,68688.0,718500,-15300.0,-0.0008529099454979,-0.0008532738801374,0.0061991232784126,42.01297136508509,18197.99135818643,18204.38402821276,0.0031086800319863,0.8075471698113208,718500,-15300.0,750,0.0017888834761105,0,TRENDED_UP,,,,488,,,False
2025-10-25 23:38:46.418223,18242.099473238894,18252.5366272305,18213.81631027062,18229.77625674684,4560,18235.478456382392,121199,399700,322100,17100,17450,-27250.0,721800,3300.0,0.0009324389810878,0.0009320045299077,0.0058285575536078,41.85080837513004,18208.58632437324,18207.55805677952,0.0002369966732134,0.8058543907930948,721800,3300.0,-350,0.0017790899237408,1,TRANSITION,,,,489,,,False
2025-10-25 23:43:46.418223,18244.399079712384,18257.05949356473,18230.71730857408,18232.3353543479,4160,18241.747431201795,119547,397200,320200,17600,18500,-1652.0,717400,-4400.0,0.0001403800883243,0.000140370235961,0.0057748190250518,40.81026754961288,18216.502667698125,18210.655218975564,0.0017118004090952,0.8061430010070494,717400,-4400.0,-900,0.0017307582837968,1,TRANSITION,,,,490,,,False
2025-10-25 23:48:46.418223,18221.02608909457,18232.37697252479,18220.27500230423,18225.416136135584,1090,18226.915921053456,77623,387900,312700,19500,18550,-41924.0,700600,-16800.0,-0.0003795025748396,-0.0003795746041657,0.0057800580074592,38.75967488325192,18219.473823843942,18212.500333620566,0.0013553419619347,0.8061356019592678,700600,-16800.0,950,0.0017308353406025,0,TRENDED_UP,,,,491,,,False
2025-10-25 23:53:46.418223,18262.885633568603,18268.368025190142,18259.51322033774,18267.88295077149,3780,18260.81305994789,96267,399100,334100,19250,18300,18644.0,733200,32600.0,0.0023300875172727,0.0023273770729197,0.005919371452897,39.05911875263098,18235.610199486466,18219.423160764432,0.00400821864086,0.8371335504885994,733200,32600.0,950,0.0017539852903072,1,TRANSITION,,,,492,,,False
2025-10-25 23:58:46.418223,18277.837458357903,18287.890422963195,18263.40311838601,18282.85366312063,2650,18279.01363273854,124828,388400,323600,18550,18050,28561.0,712000,-21200.0,0.0008195099776737,0.0008191743627179,0.005911165273208,38.01827488295631,18251.35802069785,18227.35197355896,0.0038228662187362,0.8331616889804325,712000,-21200.0,500,0.0017298163873332,0,TRENDED_UP,,,,493,,,False
2025-10-26 00:03:46.418223,18249.60413994444,18251.137246671515,18239.815568997947,18247.277718791665,2820,18254.018632097108,112792,394000,316000,18650,16000,-12036.0,710000,-2000.0,-0.0019458638670136,-0.0019477595196271,0.0060268696386774,38.37683340007965,18249.99792006246,18229.84269171305,0.0020549389047899,0.8020304568527918,710000,-2000.0,2650,0.0017437117989087,1,TRANSITION,,,,494,,,False
2025-10-26 00:08:46.418223,18244.57692024598,18253.199412520546,18239.86398982217,18243.432490297684,1040,18252.89218586304,122717,385700,320900,19550,18600,9925.0,706600,-3400.0,-0.0002107288853295,-0.0002107510917817,0.0060215473427425,36.58816120710079,18247.8094434742,18231.54141653613,0.0022926168243939,0.8319937775473165,706600,-3400.0,950,0.0017175923354094,0,TRENDED_UP,,,,495,,,False
2025-10-26 00:13:46.418223,18220.81193048396,18228.362573191924,18215.51166237035,18223.79904605673,4220,18217.019081091505,135630,395100,312900,16450,18100,12913.0,708000,1400.0,-0.001076192446317,-0.0010767719572211,0.0060148240404206,35.96906597283169,18239.80597766838,18230.573620226205,-4.162532411289277e-05,0.7919514047076689,708000,1400.0,-1650,0.001714724685182,1,TRANSITION,,,,496,,,False
2025-10-26 00:18:46.418223,18183.23932986479,18192.007329100263,18183.091835449828,18184.020236409888,2570,18195.352467996865,113202,389200,321100,18750,17250,-22428.0,710300,2300.0,-0.002182794572433,-0.0021851803409003,0.0061425769396218,36.30750487526534,18221.210730582217,18224.754447249165,-0.0021432726490852,0.8250256937307296,710300,2300.0,1500,0.0017155507975633,0,TRENDED_UP,,,,497,,,False
2025-10-26 00:23:46.418223,18208.70033347932,18215.45993941309,18177.97451301307,18188.49504576065,1120,18194.66803461149,75386,395700,321000,16800,16750,-37816.0,716700,6400.0,0.0002460847102336,0.0002460544363582,0.0060882739445895,36.39164212703356,18210.30550230836,18220.2220220631,-0.0004224160352652,0.8112206216830933,716700,6400.0,50,0.0017122734699874,1,TRANSITION,,,,498,,,False
2025-10-26 00:28:46.418223,18261.109693056347,18266.931221078736,18255.38345651597,18259.011494925668,2330,18262.277545854056,111967,409400,316000,18900,16200,36581.0,725400,8700.0,0.0038769809699814,0.003869484847895,0.0064759710303981,39.394823069251565,18226.5408331808,18225.07070617092,0.0036854535652364,0.7718612603810454,725400,8700.0,2700,0.0017842294977889,1,TRANSITION,,,,499,,,False
2025-10-26 00:33:46.418223,18223.02298386448,18224.997294593028,18208.457832804463,18215.265384354407,3600,18215.48311238048,95289,392900,313800,19750,19200,-16678.0,706700,-18700.0,-0.0023958641234996,-0.002398738798421,0.0063144608015817,40.19188300153395,18222.782350238667,18223.84504094385,0.0046984250207977,0.7986765080173072,706700,-18700.0,550,0.0018078873789542,0,TRENDED_UP,,,,500,,,False
2025-10-26 00:38:46.418223,18238.60037023462,18242.964758433216,18236.042387807018,18240.19817575951,3300,18252.55314340593,74182,402000,327000,17900,18400,-21107.0,729000,22300.0,0.0013687855147319,0.0013678495818041,0.0063474341660098,39.29956093562505,18228.58762541228,18225.88918279581,0.0062971035879257,0.8134328358208955,729000,22300.0,-500,0.0017766642244775,1,TRANSITION,,,,501,,,False
2025-10-26 00:43:46.418223,18220.99104788889,18250.18519295009,18208.21024204296,18248.18823666993,750,18256.748496987224,117891,403400,322300,17150,17300,43709.0,725700,-3300.0,0.0004380468256663,0.0004379509111647,0.0062466954188873,39.49066021930423,18235.12116249817,18228.67656453008,0.0045863487345163,0.7989588497768964,725700,-3300.0,-150,0.0017777143395025,1,TRANSITION,,,,502,,,False
2025-10-26 00:48:46.418223,18207.864127689805,18218.18676153987,18206.87963766783,18211.209655807,2260,18217.53344437399,124041,399100,319300,17500,17450,6150.0,718400,-7300.0,-0.0020264247816461,-0.0020284807583355,0.0063661960482513,39.62051298950386,18227.150660267776,18226.49320093969,0.0028165643164881,0.8000501127536959,718400,-7300.0,50,0.0017845751026942,0,TRENDED_UP,,,,503,,,False
2025-10-26 00:53:46.418223,18191.873889674465,18201.335426160327,18178.908032079948,18189.022043418707,1120,18188.668798956835,98122,405600,322600,19850,19950,-25919.0,728200,9800.0,-0.0012183491820497,-0.0012190919727945,0.0063224654407981,39.09773518504283,18214.441121318087,18221.809306249568,-0.0002494385012563,0.7953648915187377,728200,9800.0,-100,0.0017858222548676,1,TRANSITION,,,,504,,,False
2025-10-26 00:58:46.418223,18168.494427781723,18194.547077849784,18162.26908323898,18176.86830050782,4780,18189.30590204028,106409,405400,318300,17750,18000,8287.0,723700,-4500.0,-0.0006681911145016,-0.0006684144536794,0.0063141142919639,38.61061085831135,18201.916847714667,18216.191680531847,-4.475180142671231e-05,0.7851504686729156,723700,-4500.0,-250,0.0017870756117937,1,TRANSITION,,,,505,,,False
2025-10-26 01:03:46.418223,18169.998522371865,18190.932299995347,18157.26126868172,18174.383741470545,1220,18178.18410229634,58546,392300,317600,16750,17450,-47863.0,709900,-13800.0,-0.0001366879594547,-0.0001366973021053,0.0053569861657537,38.25778374797684,18192.73914563329,18210.965688149183,-0.0058276948746534,0.8095845016568952,709900,-13800.0,-700,0.0017868476526529,0,TRENDED_UP,,,,506,,,False
2025-10-26 01:08:46.418223,18147.546561721025,18156.78264404652,18144.79824968868,18151.358403883925,3840,18156.61694747433,122475,395100,315300,18250,19100,63929.0,710400,500.0,-0.0012669116000935,-0.001267714811064,0.0053307437478067,37.638334321826,18178.94556505017,18203.514777616027,-0.0082218225893571,0.7980258162490509,710400,500.0,-850,0.0017911510514402,1,TRANSITION,,,,507,,,False
2025-10-26 01:13:46.418223,18155.09179705763,18163.962146289952,18142.872514388928,18160.60051117109,2160,18164.630672036496,115865,396200,318600,16000,19350,-6610.0,714800,4400.0,0.0005091689052423,0.0005090393227398,0.0053493496545188,36.4562841489116,18172.83054709048,18198.15049431041,-0.0075359550211094,0.8041393235739526,714800,4400.0,-3350,0.0017678970881127,1,TRANSITION,,,,508,,,False
2025-10-26 01:18:46.418223,18153.90527051689,18177.88166479971,18152.150657209226,18172.5724190472,2740,18172.03332715337,105004,397000,312200,17300,16850,-10861.0,709200,-5600.0,0.0006592242293279,0.0006590070364822,0.0053602129372757,35.69019296616666,18172.744504409387,18194.953234902507,-0.0059991069170133,0.7863979848866499,709200,-5600.0,450,0.0017697673243193,0,TRENDED_UP,,,,509,,,False
2025-10-26 01:23:46.418223,18147.58115105389,18148.492846700283,18123.974401668715,18137.31970622746,1140,18142.68683469021,74951,405100,318300,18200,19250,-30053.0,723400,14200.0,-0.0019398856698344,-0.0019417696849508,0.0052696497926661,36.612180424189376,18160.936238348742,18187.749043818127,-0.0053199759067977,0.7857319180449271,723400,14200.0,-1050,0.0017689815738163,1,TRANSITION,,,,510,,,False
2025-10-26 01:28:46.418223,18123.074061557338,18127.886067296506,18122.87600583101,18127.36589616033,1180,18134.78146743277,67112,401900,322400,19050,16600,-7839.0,724300,900.0,-0.000548802702293,-0.0005489533496145,0.0052612066209404,35.028717565064774,18149.746124285943,18180.201150360903,-0.0062936920112558,0.8021895994028365,724300,900.0,2450,0.0017544994860034,0,TRENDED_UP,,,,511,,,False
2025-10-26 01:33:46.418223,18107.582612741724,18111.29964753509,18092.79519192418,18099.19535132071,4890,18100.4173687556,140531,391800,333400,17950,18000,73419.0,725200,900.0,-0.0015540341051748,-0.001555242868644,0.0053020984724951,34.996002327285154,18132.895866630868,18170.07542548088,-0.0069189599360006,0.850944359367024,725200,900.0,-50,0.0017525218666161,1,TRANSITION,,,,512,,,False
2025-10-26 01:38:46.418223,18128.29298673059,18135.42326407584,18114.92235216631,18133.32823473596,580,18138.22827705946,80008,396800,321900,17150,16600,-60523.0,718700,-6500.0,0.0018858785019275,0.0018841024656399,0.0052154752822007,35.08399592927382,18133.039989332567,18165.482026637765,-0.0022832701485094,0.8112399193548387,718700,-6500.0,550,0.0017724350170762,0,TRENDED_UP,,,,513,,,False
2025-10-26 01:43:46.418223,18142.100685726266,18154.738303053724,18132.01344833459,18133.76723413126,2850,18137.71223206158,102683,405500,327000,19400,17000,22675.0,732500,13800.0,2.4209532283325785e-05,2.4209239239070257e-05,0.0051804815431504,34.20120012854954,18133.282404265465,18161.51767757445,-0.0011606408363349,0.8064118372379778,732500,13800.0,2400,0.0017388120297114,1,TRANSITION,,,,514,,,False
2025-10-26 01:48:46.418223,18115.69897772148,18123.3016756668,18109.940810166863,18111.9185319422,2470,18120.51335087423,80626,397700,325200,16650,17550,-22057.0,722900,-9600.0,-0.0012048628344549,-0.0012055892652398,0.0051174442698059,33.460144688252974,18126.161113491045,18155.31778437042,-0.0005178907301633,0.8177017852652754,722900,-9600.0,-900,0.0017442134596584,0,TRENDED_UP,,,,515,,,False
2025-10-26 01:53:46.418223,18118.579574926323,18126.48674365564,18104.231805377025,18115.906269879884,4610,18117.904773518712,54221,399600,312500,18800,18400,-26405.0,712100,-10800.0,0.0002201720337164,0.0002201477994123,0.0048691249936629,32.659772801850366,18122.742832287327,18150.391345059103,-0.0029641198907057,0.7820320320320321,712100,-10800.0,400,0.0017428957769,1,TRANSITION,,,,516,,,False
2025-10-26 01:58:46.418223,18139.193579473784,18156.810770946708,18137.98729440518,18148.04384365892,2220,18152.906998362447,108960,386500,315800,17900,16700,54739.0,702300,-9800.0,0.0017739975743014,0.0017724258990945,0.0045999164832662,33.24868196363415,18131.176502744525,18150.097907384083,-0.0044050759826186,0.8170763260025873,702300,-9800.0,1200,0.0017577998848435,0,TRENDED_UP,,,,517,,,False
2025-10-26 02:03:46.418223,18094.008844300173,18103.03666297232,18082.05872597916,18102.318105716065,3310,18108.31270320787,112077,396800,323500,16200,18700,3117.0,720300,18000.0,-0.002519595959585,-0.0025227754833512,0.0047811557431987,35.58699880050029,18121.55703706837,18144.12543217558,-0.0060658365974199,0.8152721774193549,720300,18000.0,-2500,0.0017636654318542,1,TRANSITION,,,,518,,,False
2025-10-26 02:08:46.418223,18108.943290491214,18111.663850904268,18078.2722670402,18097.66397782819,770,18099.53762665005,66624,406200,327200,19050,16950,-45453.0,733400,13100.0,-0.0002571012099498,-0.0002571342661319,0.0047340449697453,35.43018344789823,18113.59268398831,18138.31775038216,-0.0072470598134608,0.8055145248645987,733400,13100.0,2100,0.0016898390393335,1,TRANSITION,,,,519,,,False
2025-10-26 02:13:46.418223,18091.13401883894,18100.727413496435,18086.884732898136,18091.63092902109,3450,18090.769652139683,122165,407700,323000,18600,18050,55541.0,730700,-2700.0,-0.0003333606378421,-0.0003334162148505,0.0047288612278408,33.88821895864121,18106.27209899924,18132.481897712023,-0.0077173012997073,0.7922492028452294,730700,-2700.0,550,0.0016825620276365,0,TRENDED_UP,,,,520,,,False
2025-10-26 02:18:46.418223,18106.80587979321,18110.06659127499,18098.9449948852,18100.381767450133,4480,18100.40381668765,89467,412200,321400,16400,17550,-32698.0,733600,2900.0,0.0004836953872968,0.0004835784443919,0.0047470004582413,32.784464908302674,18104.308655149536,18128.469381429288,-0.0068604397151483,0.779718583212033,733600,2900.0,-1150,0.0016842287153843,1,TRANSITION,,,,521,,,False
2025-10-26 02:23:46.418223,18086.268325900368,18091.13032862011,18064.44015190026,18074.8874971484,1830,18080.72129381039,78348,396200,325300,19450,18250,-11119.0,721500,-12100.0,-0.00140849351297,-0.0014094863723581,0.004543770793224,33.00997566841484,18094.50160248249,18121.771645894176,-0.0105647410892208,0.8210499747602221,721500,-12100.0,1200,0.0016925823927147,0,TRENDED_UP,,,,522,,,False
2025-10-26 02:28:46.418223,18037.549550308417,18043.46048983661,18030.10504841909,18035.59232240828,760,18037.926221226964,77036,395200,324200,18350,16150,-1312.0,719400,-2100.0,-0.0021740204328422,-0.0021763870459299,0.0046043040404911,33.850866601335994,18074.86517579109,18110.99923045844,-0.0135242203032625,0.8203441295546559,719400,-2100.0,2200,0.0017068352720106,1,TRANSITION,,,,523,,,False
2025-10-26 02:33:46.418223,17993.74787912878,18003.376257711327,17981.906236414132,17990.972498368516,870,17993.22898303435,117424,404900,314800,19450,16350,40388.0,719700,300.0,-0.0024739871717062,-0.0024770525347914,0.0046715050605405,35.267667986536594,18046.900949983567,18095.9958889472,-0.0140462168863247,0.777475919980242,719700,300.0,3100,0.0017327802206753,0,TRENDED_UP,,,,524,,,False
2025-10-26 02:38:46.418223,17995.225719902875,18032.54640462252,17992.942689938365,18017.06037536788,2450,18023.929276400115,61525,404700,317100,17600,19950,-55899.0,721800,2100.0,0.0014500537423269,0.0014490034296166,0.0047969239280886,35.71811357707006,18036.95409177833,18086.128949749786,-0.0124084168398791,0.7835433654558932,721800,2100.0,-2350,0.0017454675852826,1,TRANSITION,,,,525,,,False
2025-10-26 02:43:46.418223,18002.4177565394,18014.38474242448,17986.277901347094,18006.31491836337,2520,18015.42336697312,75156,398500,320000,17050,16750,13631.0,718500,-3300.0,-0.0005964045621559,-0.0005965824821032,0.004782467138572,35.36556789447816,18026.741033973347,18076.15219582648,-0.0119340718773137,0.8030112923462986,718500,-3300.0,300,0.0017361933121082,0,TRENDED_UP,,,,526,,,False
2025-10-26 02:48:46.418223,17978.194264035526,17980.165594045902,17963.224493468468,17965.810726510477,1340,17975.826931201867,108631,407800,315400,18350,18750,33475.0,723200,4700.0,-0.0022494437110829,-0.002251977510058,0.0047910015973031,35.91734339450836,18006.430931485724,18062.35951216198,-0.0120000696799978,0.773418342324669,723200,4700.0,-400,0.0017561620374238,1,TRANSITION,,,,527,,,False
2025-10-26 02:53:46.418223,17995.603578677594,18002.72857179751,17988.317667409556,17990.521854132294,3690,17990.814193861963,105973,407900,322600,19750,16150,-2658.0,730500,7300.0,0.0013754529644105,0.0013745078954805,0.0048847219962321,35.988807815402964,18001.12790570125,18053.37980490827,-0.0108845284412082,0.7908801176759009,730500,7300.0,3600,0.0017606135202441,1,TRANSITION,,,,528,,,False
2025-10-26 02:58:46.418223,17950.988846185235,17965.28066190632,17948.565894440777,17960.1562662572,790,17968.720094162734,79560,392700,315800,19900,17300,-26413.0,708500,-22000.0,-0.0016878658730024,-0.0016892919234852,0.0042509219731522,36.41503294941111,17987.470692553234,18041.726862576885,-0.0163675469918797,0.8041762159409218,708500,-22000.0,2600,0.0017712304622814,0,TRENDED_UP,,,,529,,,False
2025-10-26 03:03:46.418223,17949.389130765117,17975.790901438144,17935.537129973374,17968.132266768906,1480,17982.964868821917,125726,402000,315000,19500,18900,46166.0,717000,8500.0,0.0004440941600654,0.0004439955794381,0.0041427217534492,36.689228557651,17981.024550625127,18032.527538100887,-0.0135673629986072,0.7835820895522388,717000,8500.0,600,0.0017226485755548,1,TRANSITION,,,,530,,,False
2025-10-26 03:08:46.418223,17916.992394692745,17928.00403127948,17888.514257122963,17902.784369221004,4360,17907.042028374657,77738,393500,314800,16750,18100,-47988.0,708300,-8700.0,-0.0036368775884825,-0.0036435071064904,0.004379781125686,39.75557006395757,17954.94449015709,18016.3096419909,-0.0184983629721147,0.8,708300,-8700.0,-1350,0.0017807395251134,0,TRENDED_UP,,,,531,,,False
2025-10-26 03:13:46.418223,17899.661538094475,17912.657745758897,17881.910755047877,17882.836532988877,2390,17886.019802034814,95829,409000,312600,19000,17400,18091.0,721600,13300.0,-0.0011142309386479,-0.0011148521554353,0.0043426575341625,39.11210011017637,17930.908504434352,17999.62550336565,-0.0200212590391233,0.7643031784841076,721600,13300.0,1600,0.0017574810100452,1,TRANSITION,,,,532,,,False
2025-10-26 03:18:46.418223,17901.11322383435,17917.9861658256,17888.303615784058,17917.85940355544,610,17919.928409686385,93181,390800,316600,16650,18400,-2648.0,707400,-14200.0,0.0019584628256237,0.001956547537576,0.0045157817692692,38.82906673350125,17926.558804141383,17989.404740889375,-0.0161082244285741,0.8101330603889457,707400,-14200.0,-1750,0.0017806398098601,0,TRENDED_UP,,,,533,,,False
2025-10-26 03:23:46.418223,17878.203371898544,17887.018593461893,17875.87888141615,17881.68617264835,1400,17879.555978241533,93258,392800,308800,17350,19650,77.0,701600,-5800.0,-0.0020188366306698,-0.0020208772282241,0.0045789951950933,39.05417069105777,17911.601260310374,17975.939919859247,-0.016896778179537,0.7861507128309573,701600,-5800.0,-2300,0.0017744860328228,1,TRANSITION,,,,534,,,False
2025-10-26 03:28:46.418223,17868.07228218182,17870.745182949442,17852.45627796945,17860.314923534188,790,17868.399860326266,96093,397500,314000,17950,17350,2835.0,711500,9900.0,-0.0011951473092538,-0.00119586206735,0.0045927483132955,38.35243669018946,17894.50581471831,17961.486795318615,-0.0174151769017761,0.789937106918239,711500,9900.0,600,0.0017767768611853,1,TRANSITION,,,,535,,,False
2025-10-26 03:33:46.418223,17895.242368302625,17907.26586482715,17892.83383939818,17900.026026839278,2620,17903.236246625587,95496,402100,314300,16500,19950,-597.0,716400,4900.0,0.0022234268250647,0.0022209586694721,0.004859429019658,38.96661559038749,17896.345885425304,17953.8041992587,-0.0150958469092535,0.7816463566277045,716400,4900.0,-3450,0.001630745260405,1,TRANSITION,,,,536,,,False
2025-10-26 03:38:46.418223,17879.94243522655,17885.167448713673,17854.45233795528,17856.37892630285,870,17859.148219494793,95249,410400,320400,18400,16150,-247.0,730800,14400.0,-0.0024383819593885,-0.002441359654167,0.0049661929024753,39.43854939707386,17883.02356571782,17941.626040139217,-0.016251096530492,0.7807017543859649,730800,14400.0,2250,0.0016407074731146,1,TRANSITION,,,,537,,,False
2025-10-26 03:43:46.418223,17902.548703870852,17909.28663654319,17892.006237939237,17902.578918956482,3900,17909.85100078367,96361,414500,323400,17950,17950,1112.0,737900,7100.0,0.0025873102740656,0.0025839689489597,0.0052476064141364,40.40063231445019,17889.542016797375,17936.745149991373,-0.0142077676371931,0.7802171290711701,737900,7100.0,0,0.0016854890224796,1,TRANSITION,,,,538,,,False
2025-10-26 03:48:46.418223,17872.416168539792,17877.325668382357,17859.281870564282,17875.345646754748,1090,17883.100774572136,121707,413400,323600,18750,17800,25346.0,737000,-900.0,-0.0015211926910093,-0.0015223508793109,0.0052361682940662,40.60751917714661,17884.809893449834,17929.070212086794,-0.0163557896724032,0.7827769714562167,737000,-900.0,950,0.0016908075103936,1,TRANSITION,,,,539,,,False
2025-10-26 03:53:46.418223,17886.804002048266,17905.601031232854,17881.23878929166,17895.070121463694,3430,17895.423495760555,95351,403700,319900,18800,17750,-26356.0,723600,-13400.0,0.0011034457793841,0.0011028374305688,0.00525170040658,39.86808098435806,17888.229969454456,17924.820200758906,-0.0133564158700135,0.7924201139459995,723600,-13400.0,1050,0.001675157277865,0,TRENDED_UP,,,,540,,,False
2025-10-26 03:58:46.418223,17925.702688688783,17942.019953101517,17900.12961756601,17916.615289989753,4090,17917.097438693734,113838,396200,320500,17000,16550,18487.0,716700,-6900.0,0.0012039722884471,0.0012032480950256,0.0053348248943677,40.37392031674842,17897.69174296622,17923.79458691276,-0.011626102070087,0.8089348813730439,716700,-6900.0,450,0.0016839185251581,1,TRANSITION,,,,541,,,False
2025-10-26 04:03:46.418223,17859.54538161627,17865.36854013616,17847.685160658784,17860.31054849012,1920,17860.553329189777,102974,396200,319900,17800,16000,-10864.0,716100,-600.0,-0.00314259923475,-0.003147547569533,0.0055257802955538,42.41364953204989,17885.231344807522,17915.85908210993,-0.0131986421602526,0.8074204946996466,716100,-600.0,1800,0.0017219094130453,0,TRENDED_UP,,,,542,,,False
2025-10-26 04:08:46.418223,17838.388238312717,17845.80558986141,17825.63834578178,17830.134196430245,4510,17845.00549636302,107324,405100,317100,19500,19200,4350.0,722200,6100.0,-0.0016895760002575,-0.0016910049435541,0.0053937749347614,41.86068904464214,17866.865628681764,17905.14347139997,-0.0167202641666694,0.7827696864971612,722200,6100.0,300,0.0017015112845428,1,TRANSITION,,,,543,,,False
2025-10-26 04:13:46.418223,17854.014517414947,17858.16450978909,17848.58846911355,17856.29433005561,2290,17867.778494973518,115558,392900,315500,17150,17900,8234.0,708400,-13800.0,0.0014671865807158,0.0014661113140999,0.0055080086765535,40.87280506708527,17863.341862473048,17899.037328731927,-0.0153014484245387,0.8030033087299567,708400,-13800.0,-750,0.0017137542568116,0,TRENDED_UP,,,,544,,,False
2025-10-26 04:18:46.418223,17848.756069178482,17857.54242323291,17825.017727006085,17840.765660125835,3340,17848.1180560051,77194,414500,319600,16800,17300,-38364.0,734100,25700.0,-0.0008696468395258,-0.0008700252017153,0.0054971434562514,40.27651157849522,17855.816461690643,17891.753370156166,-0.0149709635309014,0.7710494571773221,734100,25700.0,-500,0.0017031570854625,1,TRANSITION,,,,545,,,False
2025-10-26 04:23:46.418223,17858.874161764896,17858.927333966145,17839.6875956247,17855.230050998958,1610,17856.790180802833,112547,402900,313100,19250,17750,35353.0,716000,-18100.0,0.0008107494458857,0.0008104209660846,0.0055334588287331,38.77388491870602,17855.620991460084,17887.187955261514,-0.0143893556854141,0.7771159096550012,716000,-18100.0,1500,0.0016654170032242,0,TRENDED_UP,,,,546,,,False
2025-10-26 04:28:46.418223,17842.880173537822,17849.874607361304,17822.49777029588,17833.99606615572,2790,17836.18824396346,95756,398400,321500,18200,19850,-16791.0,719900,3900.0,-0.0011892305382001,-0.001189938233967,0.005382999986734,38.342341760446985,17848.412683025297,17880.53896912329,-0.0173047729115406,0.8069779116465864,719900,3900.0,-1650,0.0016040676081399,2,SIDEWAYS,,,,547,,,False
2025-10-26 04:33:46.418223,17845.376293723173,17852.86652342158,17844.85476723449,17851.186179350083,4930,17856.70275278158,80779,392000,326300,17400,18200,-14977.0,718300,-1600.0,0.0009638957601312,0.0009634315109146,0.0053269332764625,36.95149286797654,17849.337181800227,17876.86987040164,-0.0138729153304782,0.8323979591836734,718300,-1600.0,-800,0.0016118128537341,2,SIDEWAYS,,,,548,,,False
2025-10-26 04:38:46.418223,17841.38801495557,17859.69395861132,17833.24680831318,17849.04599468764,700,17864.445064028863,115515,391600,318200,19450,17800,34736.0,709800,-8500.0,-0.0001198903333896,-0.0001198975208112,0.0053293158870974,36.20118268441676,17849.240119429363,17873.391885937388,-0.0137375731721584,0.8125638406537283,709800,-8500.0,1650,0.0016035058380609,2,SIDEWAYS,,,,549,,,False
2025-10-26 04:43:46.418223,17872.84640972208,17881.97510358226,17866.98154213075,17870.749741016374,1940,17875.872626389642,91492,401800,316000,17750,17050,-24023.0,717800,8000.0,0.0012159611407351,0.0012152224587325,0.0054143244439009,35.96746312800265,17856.4099932917,17873.06161782226,-0.0122090257573403,0.7864609258337482,717800,8000.0,700,0.0016150596229795,2,SIDEWAYS,,,,550,,,False
2025-10-26 04:48:46.418223,17879.847345973085,17888.404376455168,17879.31404097711,17880.189190729438,1950,17886.49459783928,107549,406500,321500,16850,17250,16057.0,728000,10200.0,0.0005282066980882,0.0005280672460354,0.0054168528795086,34.65940400734487,17864.336392437617,17873.952564435658,-0.0121650791430635,0.7908979089790897,728000,10200.0,-400,0.0016188703431693,2,SIDEWAYS,,,,551,,,False
2025-10-26 04:53:46.418223,17889.08295498624,17893.194374051243,17860.916372374166,17876.125968994107,4900,17866.031422196455,45751,410900,320800,19900,18850,-61798.0,731700,3700.0,-0.000227247133237,-0.0002272729577796,0.0053851702112322,34.4893038408972,17868.26625128978,17874.224240005464,-0.0109965568629764,0.7807252372840107,731700,3700.0,1050,0.0015812537646683,2,SIDEWAYS,,,,552,,,False
2025-10-26 04:58:46.418223,17878.212997793078,17887.865824435827,17868.29702434182,17875.53415632131,4240,17880.490571426428,114521,408800,320400,18000,16850,68770.0,729200,-2500.0,-3.310631586628254e-05,-3.310686389212947e-05,0.0052807701656475,33.42355357326213,17870.68888630029,17874.387979544943,-0.0088745721917933,0.7837573385518591,729200,-2500.0,1150,0.0015742822825462,2,SIDEWAYS,,,,553,,,False
2025-10-26 05:03:46.418223,17865.320139097,17870.801108598596,17863.194163848908,17864.871678319043,4700,17860.974305782423,151801,391300,326600,18650,17500,37280.0,717900,-11300.0,-0.0005964844411935,-0.000596662408812,0.0051261888183753,31.917584923200803,17868.749816973206,17873.198441891705,-0.0070091163810576,0.8346537183746486,717900,-11300.0,1150,0.0015610189911982,2,SIDEWAYS,,,,554,,,False
2025-10-26 05:08:46.418223,17853.910751301282,17879.060583991308,17846.88368350564,17877.30645427372,3650,17878.270068351412,99846,396400,318500,19650,19300,-51955.0,714900,-3000.0,0.0006960461949339,0.0006958040671296,0.0050605250866399,31.936107463377084,17871.602029406713,17873.71194343946,-0.0077567548857871,0.8034813319878911,714900,-3000.0,350,0.0015667957301887,2,SIDEWAYS,,,,555,,,False
2025-10-26 05:13:46.418223,17864.656292782245,17869.531438805458,17852.90837492096,17854.723838420065,2150,17858.54592374312,94728,394000,315900,18800,18300,-5118.0,709900,-5000.0,-0.0012632001309266,-0.0012639986407343,0.0050897174275857,31.39767688404722,17865.975965744496,17871.338430312037,-0.0084187731154644,0.8017766497461929,709900,-5000.0,500,0.0015684777865004,2,SIDEWAYS,,,,556,,,False
2025-10-26 05:18:46.418223,17853.55727401163,17886.02698897041,17847.4715015139,17866.627660107315,1890,17868.581724014668,90774,400900,324400,17100,18100,-3954.0,725300,15400.0,0.0006667043296204,0.0006664821810211,0.0049805638330658,31.90894906779453,17866.193197198772,17870.749584036446,-0.0055206563128713,0.8091793464704415,725300,15400.0,-1000,0.0015547943508212,2,SIDEWAYS,,,,557,,,False
2025-10-26 05:23:46.418223,17861.49784289554,17870.473031392732,17852.90197128629,17870.400538311507,2520,17870.565160866405,111111,400900,312200,18700,18750,20337.0,713100,-12200.0,0.0002111690172295,0.0002111467241903,0.0049015839598196,30.88481414198364,17867.595644236353,17870.70595332083,-0.0066769222591058,0.7787478174108257,713100,-12200.0,-50,0.0015545955579004,2,SIDEWAYS,,,,558,,,False
2025-10-26 05:28:46.418223,17917.368307351175,17921.298910427453,17906.383353768775,17919.882440261023,2930,17920.095434695275,93917,388000,321000,19100,19050,-17194.0,709000,-4100.0,0.0027689307714975,0.0027651043444691,0.0051073671799992,32.31435399726664,17885.024576244577,17876.853014188353,-0.0022423984178713,0.8273195876288659,709000,-4100.0,50,0.0015103727793869,2,SIDEWAYS,,,,559,,,False
2025-10-26 05:38:46.418223,17932.383110102786,17947.299441722473,17925.501743284967,17935.71947904886,2500,17937.936109321872,134448,394800,312000,17350,18400,40531.0,706800,-2200.0,0.0008837691229635,0.0008833788289681,0.0051284933050249,31.964543101851177,17901.922877179342,17884.211322295916,-0.0018039041141738,0.790273556231003,706800,-2200.0,-1050,0.0014928660577992,2,SIDEWAYS,,,,560,,,False
2025-10-26 05:43:46.418223,17964.902827363436,17972.18778714289,17964.88743006139,17968.39843093071,4340,17972.101390290536,116820,397300,318000,16150,19400,-17628.0,715300,8500.0,0.0018220039580805,0.0018203461222867,0.0047786435356253,32.28624060129255,17924.081395096466,17894.734710875266,0.0036650199408372,0.8004027183488548,715300,8500.0,-3250,0.0015023304131022,2,SIDEWAYS,,,,561,,,False
2025-10-26 05:48:46.418223,17954.089180603518,17965.85083178421,17943.831755425406,17953.612314132715,3630,17956.909611816114,96506,402700,315400,16950,16200,-20314.0,718100,2800.0,-0.0008228956439735,-0.0008232344084522,0.0047560843469788,31.73484309443612,17933.925034775217,17902.094411282447,0.003957749153121,0.783213310156444,718100,2800.0,750,0.0015013612850815,2,SIDEWAYS,,,,562,,,False
2025-10-26 05:53:46.418223,17899.462987372826,17912.34757145491,17878.29322294035,17910.4136003345,3080,17920.867242255947,77690,396800,324600,18950,18100,-18816.0,721400,3300.0,-0.0024061293650754,-0.0024090287461273,0.0048433673133344,34.848003672859726,17926.087889961644,17903.134309913952,-0.0004155520507914,0.8180443548387096,721400,3300.0,850,0.0015096912246075,2,SIDEWAYS,,,,563,,,False
2025-10-26 05:58:46.418223,17872.595860590493,17890.776407389578,17859.739029129145,17882.39423633523,3040,17874.975185159907,91835,392200,324900,18150,19050,14145.0,717100,-4300.0,-0.0015644174737957,-0.0015656424525634,0.0047865075318936,35.97847278232376,17911.52333875284,17900.54180071661,3.959714313528373e-05,0.8284038755736869,717100,-4300.0,-900,0.001514011083292,2,SIDEWAYS,,,,564,,,False
2025-10-26 06:03:46.418223,17822.690529490585,17837.261170663,17815.108137965064,17817.114903157395,4960,17821.98774078169,96786,396100,314900,19050,16750,4951.0,711000,-6100.0,-0.0036504805964512,-0.0036571598607153,0.0051831237299752,38.21473175288384,17880.053860221025,17890.11343852171,-0.0024187714808919,0.7950012623074981,711000,-6100.0,2300,0.0015748388664196,2,SIDEWAYS,,,,565,,,False
2025-10-26 06:08:46.418223,17813.473766315456,17825.156674739486,17780.55348718941,17801.72357866932,4540,17805.663151420977,73628,395800,324200,16050,17800,-23158.0,720000,9000.0,-0.0008638505488532,-0.0008642238827576,0.0050181353335185,38.67105002411196,17853.94376637046,17879.06470604016,-0.0054917488959269,0.8191005558362809,720000,9000.0,-1750,0.0015761007581873,2,SIDEWAYS,,,,566,,,False
2025-10-26 06:13:46.418223,17814.144056635505,17823.871840473297,17810.620306553643,17812.33609347787,720,17815.18148762199,121738,393100,318000,19850,19050,48110.0,711100,-8900.0,0.0005961509716545,0.0005959733442555,0.0048545992201212,37.4908508655309,17840.07454207293,17870.723629469874,-0.00246650415556,0.8089544645128466,711100,-8900.0,800,0.0015759784131167,2,SIDEWAYS,,,,567,,,False
2025-10-26 06:18:46.418223,17859.175462234954,17861.440685024652,17848.769932937063,17852.031447685888,4420,17851.821809003228,111381,401700,309200,16100,19600,-10357.0,710900,-200.0,0.0022285316198673,0.0022260521263479,0.0047923356579476,38.32040377133468,17844.06017727725,17868.387106746875,-0.0028234742882251,0.7697286532237989,710900,-200.0,-3500,0.0016064747944718,2,SIDEWAYS,,,,568,,,False
2025-10-26 06:23:46.418223,17868.114270250066,17871.197991449586,17867.19687260695,17867.546738070967,2950,17870.317770414455,79028,402700,328500,17600,19800,-32353.0,731200,20300.0,0.0008691050332587,0.0008687275801602,0.0047463733983806,36.95227091364638,17851.889030875158,17868.282060662386,-0.0004362941471398,0.8157437298236901,731200,20300.0,-2200,0.0016087914151437,2,SIDEWAYS,,,,569,,,False
2025-10-26 06:28:46.418223,17862.421488517502,17877.84564821842,17856.575711255726,17873.47330928135,3880,17868.289067821148,64415,403000,315800,18600,18700,-14613.0,718800,-12400.0,0.0003316947366789,0.0003316397381425,0.0047054791940146,35.83210420286403,17859.08379034389,17868.930966739757,-0.0012068582037261,0.7836228287841192,718800,-12400.0,-100,0.0015957598442913,2,SIDEWAYS,,,,570,,,False
2025-10-26 06:33:46.418223,17884.836953619753,17890.97461433174,17862.42414499645,17880.747570849828,3600,17885.43260149864,114357,382900,324900,17150,18550,49942.0,707800,-11000.0,0.000406986456555,0.0004069036600302,0.0046563204513682,35.311987426608646,17866.305050512536,17870.408042253515,-0.0020019249484005,0.8485244189083312,707800,-11000.0,-1400,0.0015974365949127,2,SIDEWAYS,,,,571,,,False
2025-10-26 06:38:46.418223,17825.794781524663,17833.271745850117,17822.083905014108,17825.413101121107,4150,17831.053378236767,67133,401000,315100,18900,18100,-47224.0,716100,8300.0,-0.0030946396122123,-0.0030994379112723,0.0046456768216437,36.979964455830896,17852.674400715394,17864.783674611965,-0.0019539104470926,0.785785536159601,716100,8300.0,800,0.001631258859659,2,SIDEWAYS,,,,572,,,False
2025-10-26 06:43:46.418223,17832.274241930438,17833.39645563003,17819.29738850127,17832.79158059012,4210,17832.591486897913,101678,397800,321500,18550,18500,34545.0,719300,3200.0,0.0004139303491681,0.000413844703635,0.0045519530464142,35.345614646754534,17846.046794006972,17860.784662859234,0.0001490389321023,0.8081950729009553,719300,3200.0,50,0.0016094936283469,2,SIDEWAYS,,,,573,,,False
2025-10-26 06:48:46.418223,17853.08411688099,17878.69628613448,17847.808365778572,17860.657670834677,4520,17874.628407873282,91809,401000,321300,16750,19750,-9869.0,722300,3000.0,0.0015626319703576,0.0015614123314193,0.0045625603330352,36.09983542515484,17850.917086282876,17860.768788856163,0.0002443586949461,0.8012468827930175,722300,3000.0,-3000,0.0016265389533548,1,TRANSITION,,,,574,,,False
2025-10-26 06:53:46.418223,17813.710143278986,17826.553338466936,17789.78227900608,17793.69742561917,3670,17796.61321989204,115999,396100,318000,16500,16900,24190.0,714100,-8200.0,-0.0037490358109738,-0.0037560810598353,0.0050232024083363,38.58380373968627,17831.843866061645,17852.38486845154,-0.0026382407237073,0.8028275687957587,714100,-8200.0,-400,0.0016841647044602,0,TRENDED_UP,,,,575,,,False
2025-10-26 06:58:46.418223,17844.476573000502,17849.048098067684,17825.076335450438,17839.063448402114,1360,17842.867126459118,116231,411700,322500,17450,18350,232.0,734200,20100.0,0.0025495557049106,0.0025463111014598,0.0052213638587978,39.78143721888813,17834.250393508468,17850.719690945363,-0.0009054267321489,0.7833373815885354,734200,20100.0,-900,0.0017225706507409,1,TRANSITION,,,,576,,,False
2025-10-26 07:03:46.418223,17853.71784668999,17856.10268859615,17849.636370172495,17855.603946403775,2680,17866.33042370138,83574,399000,317100,19500,19900,-32657.0,716100,-18100.0,0.000927206635567,0.00092677704502,0.0052026850241323,38.15699457425592,17841.36824447357,17851.330222877667,0.0012116118097087,0.7947368421052632,716100,-18100.0,-400,0.001709094024245,0,TRENDED_UP,,,,577,,,False
2025-10-26 07:08:46.418223,17842.778087014744,17856.24862144605,17839.268570493736,17853.484458267954,4720,17868.5284655827,117759,394200,327700,17300,16600,34185.0,721900,5800.0,-0.0001187015651883,-0.0001187086107776,0.0051746071266312,36.64435574411733,17845.406982405035,17851.59950230145,0.0001287465659021,0.8313039066463724,721900,5800.0,700,0.0016833901561079,1,TRANSITION,,,,578,,,False
2025-10-26 07:13:46.418223,17859.90060483117,17870.13457412124,17848.701260535847,17855.507940421303,4050,17853.06170326183,94210,406400,319100,18900,18250,-23549.0,725500,3600.0,0.0001133382202269,0.0001133317979373,0.00517443327277,35.557852732779814,17848.77396841046,17852.08805706643,0.0003620331156963,0.7851870078740157,725500,3600.0,650,0.0016839708206007,1,TRANSITION,,,,579,,,False
2025-10-26 07:18:46.418223,17921.015052200204,17946.4405500237,17897.393336130757,17904.200187554594,760,17904.680937823356,100379,399100,323000,19650,16750,6169.0,722100,-3400.0,0.0027270155122869,0.0027233039516083,0.0053605897970261,39.5131925091811,17867.249374791838,17858.60207337745,0.0018717987226604,0.8093209721874217,722100,-3400.0,2900,0.0017263253371998,0,TRENDED_UP,,,,580,,,False
2025-10-26 07:23:46.418223,17926.083820880856,17931.787245868913,17922.555863774658,17931.63832054343,4790,17934.67229725009,100789,412300,322400,18150,16450,410.0,734700,12600.0,0.001532496995197,0.0015313239200143,0.0054201351261958,38.66132578097665,17888.712356709035,17867.731604273198,0.00287743766384,0.7819548872180451,734700,12600.0,1700,0.0017383426317633,1,TRANSITION,,,,581,,,False
2025-10-26 07:28:46.418223,17932.93882662988,17933.88764728234,17923.813881929476,17927.241869204106,3390,17926.832020062368,144963,394900,322300,18350,19350,44174.0,717200,-17500.0,-0.0002451784527844,-0.0002452085139363,0.0054205045267378,36.619357178968535,17901.555527540724,17875.17038738956,0.0028594506605434,0.8161559888579387,717200,-17500.0,-1000,0.0017305953529529,0,TRENDED_UP,,,,582,,,False
2025-10-26 07:33:46.418223,17920.76575312982,17924.830508849383,17898.355393433398,17910.105884368888,3380,17918.234095000003,97612,413000,318900,19850,18600,-47351.0,731900,14700.0,-0.0009558628683787,-0.0009563199966144,0.0054533352875824,36.06700850694998,17904.405646483447,17879.537324511977,0.0019340248937596,0.7721549636803874,731900,14700.0,1250,0.0017133043920892,1,TRANSITION,,,,583,,,False
2025-10-26 07:38:46.418223,17898.11449527581,17913.562595455096,17888.974494206625,17892.52719264097,3970,17891.527092502827,66561,400500,328500,19200,19450,-31051.0,729000,-2900.0,-0.0009814956897189,-0.0009819776720139,0.0054734461436574,35.24708655991581,17900.446161869288,17881.1610580281,0.0015480387891892,0.8202247191011236,729000,-2900.0,-250,0.0016890900989677,1,TRANSITION,,,,584,,,False
2025-10-26 07:43:46.418223,17920.599756903073,17928.550494945404,17918.574789080707,17918.9463543633,2720,17929.33900187613,85705,389400,315600,16550,18200,19144.0,705000,-24000.0,0.0014765472444382,0.0014754582204208,0.0055221774070277,35.30253054166716,17906.612892700625,17885.884220070002,0.002329204357272,0.810477657935285,705000,-24000.0,-1650,0.0016895024304176,0,TRENDED_UP,,,,585,,,False
2025-10-26 07:48:46.418223,17897.781199439596,17904.687918994958,17882.5371976976,17892.36940559588,4010,17899.29543756602,114760,399900,311700,18550,16200,29055.0,711600,6600.0,-0.0014831758654686,-0.001484276859573,0.0055415822419661,35.38157526481241,17901.86506366571,17886.694868260736,0.0021084373814177,0.7794448612153039,711600,6600.0,2350,0.0016978707898422,1,TRANSITION,,,,586,,,False
2025-10-26 07:53:46.418223,17899.88161577296,17903.070057144523,17864.07961571062,17880.14193011404,2270,17889.961935714593,94318,393500,325000,17450,16850,-20442.0,718500,6900.0,-0.0006833905116007,-0.000683624129337,0.0055461945461638,35.639351419747484,17894.62401914849,17885.8757509924,0.0007563973607005,0.8259212198221093,718500,6900.0,600,0.001676204172834,1,TRANSITION,,,,587,,,False
2025-10-26 07:58:46.418223,17887.240063031033,17906.550691692824,17879.60672375875,17895.263082239107,1970,17894.286874522393,100299,391000,323000,19050,19500,5981.0,714000,-4500.0,0.000845695307351,0.0008453379085597,0.0055651136846712,35.01825259934236,17894.837040178696,17887.04916739824,0.001391269539499,0.8260869565217391,714000,-4500.0,-450,0.0016698031495007,0,TRENDED_UP,,,,588,,,False
2025-10-26 08:03:46.418223,17900.275123371433,17917.66067086939,17894.283570905543,17911.685430364836,4730,17913.207058048232,91360,403200,319600,17850,19600,-8939.0,722800,8800.0,0.0009176924670097,0.000917271644715,0.0053572252927801,34.186741696807,17900.453170240744,17890.128700269062,-0.0004574254280692,0.7926587301587301,722800,8800.0,-1750,0.0016613351303384,1,TRANSITION,,,,589,,,False
2025-10-26 08:08:46.418223,17909.415424179,17921.815273572694,17900.654962435925,17915.249613179443,2760,17923.65895367335,43667,399000,319300,18550,17350,-47693.0,718300,-4500.0,0.0001989864565488,0.0001989666613706,0.0053327556701926,33.25628237109003,17905.385317886976,17893.26881438286,-0.0011412904786635,0.800250626566416,718300,-4500.0,1200,0.0016604135329469,0,TRENDED_UP,,,,590,,,False
2025-10-26 08:13:46.418223,17937.489099453076,17947.319470461884,17911.16455431448,17927.28548729715,4000,17934.72491560054,84439,389400,319700,17100,17350,40772.0,709100,-9200.0,0.0006718228535791,0.0006715972816291,0.0052374287958667,33.46332764082668,17912.685374357035,17897.520898497147,-0.0022880694565847,0.8210066769388803,709100,-9200.0,-250,0.0015942211946287,2,SIDEWAYS,,,,591,,,False
2025-10-26 08:18:46.418223,17923.950965406813,17927.762684544337,17917.190579324313,17922.145203219603,2350,17924.18729495026,98454,408300,320600,17600,16550,14015.0,728900,19800.0,-0.0002867296379694,-0.0002867707527709,0.0052205938873581,31.82824032505508,17915.83865064456,17900.598936587456,-0.0017526896739517,0.7852069556698505,728900,19800.0,1050,0.0015877769078867,2,SIDEWAYS,,,,592,,,False
2025-10-26 08:23:46.418223,17916.875764036515,17930.71598928833,17908.42696928862,17916.817343239123,4640,17919.623838178577,64610,407000,322500,17650,16100,-33844.0,729500,600.0,-0.000297278027829,-0.0002973222237017,0.0050363033550473,31.146867444673223,17916.164881509416,17902.626237418914,0.0003575429941218,0.7923832923832924,729500,600.0,1550,0.0015681237483162,2,SIDEWAYS,,,,593,,,False
2025-10-26 08:28:46.418223,17890.769389020305,17900.951570389043,17880.873722165095,17896.12583518785,3430,17897.373116695755,76423,406200,319200,17850,19950,11813.0,725400,-4100.0,-0.0011548651557292,-0.0011555325263579,0.0049983599722284,31.48949270391284,17909.48519940223,17901.81368714003,0.0007678836889033,0.7858197932053176,725400,-4100.0,-2100,0.0015531390914052,2,SIDEWAYS,,,,594,,,False
2025-10-26 08:33:46.418223,17879.0290281707,17888.458895260545,17877.234879280146,17885.003667669946,4780,17887.66078530151,93199,393600,317700,18800,17300,16776.0,711300,-14100.0,-0.0006214846509424,-0.00062167785258,0.0045229257779459,30.58959721846933,17901.324688824803,17899.71243470627,0.0038103118760557,0.8071646341463414,711300,-14100.0,1500,0.0015473195772307,2,SIDEWAYS,,,,595,,,False
2025-10-26 08:38:46.418223,17889.3294341407,17896.822954214393,17880.4622947511,17882.76249566657,900,17881.160161486965,93373,407600,327900,19650,17050,174.0,735500,24200.0,-0.0001253101226602,-0.0001253179746303,0.0044879409121717,29.573244521670883,17895.137291105395,17897.593692326307,0.0045523073447986,0.8044651619234544,735500,24200.0,2600,0.0015202419932227,2,SIDEWAYS,,,,596,,,False
2025-10-26 08:43:46.418223,17909.833096602306,17916.650063150802,17906.748331945135,17910.56735996732,4420,17908.060503180273,107888,403000,317500,17450,19350,14515.0,720500,-15000.0,0.0015548416698756,0.0015536341550674,0.0045526406644588,29.881410447568044,17900.280647392705,17899.215400781435,0.0055147885136426,0.7878411910669976,720500,-15000.0,-1900,0.0014995651525106,2,SIDEWAYS,,,,597,,,False
2025-10-26 08:48:46.418223,17885.255333912002,17915.411687169606,17878.55358577298,17889.344622309873,4420,17898.318439130613,94462,393300,322600,19750,17900,-13426.0,715900,-4600.0,-0.0011849282733993,-0.0011856308559661,0.0044522298997207,30.379745515357826,17896.63530569843,17897.98155347249,0.0020901360572509,0.8202390033053648,715900,-4600.0,1850,0.0014703036539344,2,SIDEWAYS,,,,598,,,False
2025-10-26 08:53:46.418223,17908.779329034034,17926.503884044254,17905.754839767636,17921.81532938884,2400,17924.29532637558,107152,403100,327100,19600,18100,12690.0,730200,14300.0,0.0018150864531096,0.0018134411742742,0.0045410172847897,30.863996673859504,17905.028646928567,17900.960775462034,0.0030372715467557,0.8114611758868767,730200,14300.0,1500,0.0014752969490941,2,SIDEWAYS,,,,599,,,False
2025-10-26 08:58:46.418223,17945.41256218944,17962.687328589058,17940.521654577115,17951.733892444397,1280,17961.524737991072,85999,402500,322000,19900,19200,-21153.0,724500,-5700.0,0.0016693935578331,0.001668001669266,0.0046270072234955,31.578853997170885,17920.59706210051,17907.30741508483,0.0043785884147322,0.8,724500,-5700.0,700,0.0014839554852553,2,SIDEWAYS,,,,600,,,False
2025-10-26 09:03:46.418223,17956.724469912326,17981.928451010244,17940.412979777604,17963.8089066755,2540,17970.613515583645,104231,395100,326000,16950,18600,18232.0,721100,-3400.0,0.0006726377687775,0.0006724116493845,0.0046345248259023,32.288612371132984,17935.001010292173,17914.370101533663,0.0046452943590056,0.8251075677043787,721100,-3400.0,-1650,0.0014785522256429,2,SIDEWAYS,,,,601,,,False
2025-10-26 09:08:46.418223,18007.52742539974,18033.78484279265,17996.0990282055,18008.28218055045,4330,18013.569468992853,129422,397800,314500,16400,19550,25191.0,712300,-8800.0,0.002475715150723,0.0024726556166196,0.0044017911190853,34.98056406727726,17959.428067044933,17926.109111410762,0.0102588971370229,0.7905982905982906,712300,-8800.0,-3150,0.0014507075512817,2,SIDEWAYS,,,,602,,,False
2025-10-26 09:13:46.418223,17986.818372408397,18006.82883419409,17973.003085975954,17999.503208641636,3270,17999.268017734783,105779,401500,317100,16050,19350,-23643.0,718600,6300.0,-0.0004874963542217,-0.0004876152192014,0.0044266760083718,35.001887674935766,17972.786447577168,17935.28337356462,0.0093485995895881,0.789788293897883,718600,6300.0,-3300,0.0014332123572574,2,SIDEWAYS,,,,603,,,False
2025-10-26 09:18:46.418223,17953.44816699063,17958.281294462806,17952.448888399682,17957.12649454964,3210,17954.195282180932,95299,403500,320300,17150,19700,-10480.0,723800,5200.0,-0.002354326872291,-0.0023571026573954,0.0046141730137487,35.86277571543707,17967.56646323466,17938.013763687748,0.0054011910139508,0.7938042131350681,723800,5200.0,-2550,0.0014588098473929,2,SIDEWAYS,,,,604,,,False
2025-10-26 09:23:46.418223,17905.789826693766,17907.81010455681,17895.40406683635,17898.08059712283,810,17899.206876520264,81145,398800,317300,17150,18600,-14154.0,716100,-7700.0,-0.0032881595752378,-0.003293577451755,0.0044872049537813,37.70989371528383,17944.404507864052,17933.022117867135,0.0058663002414196,0.7956369107321966,716100,-7700.0,-1450,0.0015182905130509,2,SIDEWAYS,,,,605,,,False
2025-10-26 09:28:46.418223,17946.196189316874,17971.26136328435,17938.720182948582,17958.788765721903,4990,17970.633937812985,101739,401600,323700,19850,17350,20594.0,725300,9200.0,0.0033918815076088,0.0033861420522338,0.0046576406198909,40.24352746144358,17949.199260483336,17936.24294884898,0.0067114127188394,0.8060258964143426,725300,9200.0,2500,0.0015753954605713,2,SIDEWAYS,,,,606,,,False
2025-10-26 09:33:46.418223,17963.999537934516,17975.99455267914,17958.338638912395,17970.268104967225,1910,17978.65459653606,95640,395300,317300,18300,19700,-6099.0,712600,-12700.0,0.0006392045362899,0.0006390003320841,0.0046458833110992,38.63012648325092,17956.222208644635,17940.49609336376,0.0064217462992364,0.802681507715659,712600,-12700.0,-1400,0.0015677600933739,2,SIDEWAYS,,,,607,,,False
2025-10-26 09:38:46.418223,17962.681441785633,17977.197983176513,17950.941922745104,17958.702312477522,3000,17959.328636656785,111239,402700,323700,16500,16000,15599.0,726400,13800.0,-0.0006436071193899,-0.0006438143233609,0.004668115873086,37.74626462240509,17957.048909922265,17942.77187075298,0.0058934072200589,0.8038241867395083,726400,13800.0,500,0.0015669547837551,2,SIDEWAYS,,,,608,,,False
2025-10-26 09:43:46.418223,17970.40620999687,17982.920221085824,17941.775869353125,17966.09786829737,3430,17967.289594257534,63561,401600,325000,18450,18550,-47678.0,726600,200.0,0.0004118090322544,0.0004117242621859,0.0046694426514754,37.98898513028322,17960.065229380634,17945.687620446028,0.0061936030184677,0.8092629482071713,726600,200.0,-100,0.0015671928439732,2,SIDEWAYS,,,,609,,,False
2025-10-26 09:48:46.418223,17940.27296339715,17943.243256284506,17933.814559018756,17942.9332865142,1470,17941.52069600127,96237,396600,325900,17900,16950,32676.0,722500,-4100.0,-0.0012893496380227,-0.0012901815644408,0.0044992518628622,37.58143685516393,17954.35458175849,17945.34332870455,0.0021633526521072,0.8217347453353505,722500,-4100.0,950,0.0015705908407647,2,SIDEWAYS,,,,610,,,False
2025-10-26 09:53:46.418223,18006.390088893248,18025.11918875531,17998.070571205437,18010.560231946663,1850,18005.803180410498,108385,388700,319400,16050,16900,12148.0,708100,-14400.0,0.003769001665034,0.0037619167746552,0.0049043715860209,40.76747009701735,17973.089798487883,17953.49544160981,0.0044012660746575,0.821713403653203,708100,-14400.0,-850,0.0016406019853451,2,SIDEWAYS,,,,611,,,False
2025-10-26 09:58:46.418223,18010.060737394415,18013.90315886528,17998.772877685664,18011.837360237932,3260,18015.988728584613,102587,408400,315000,17200,17700,-5798.0,723400,15300.0,7.090997030756441e-05,7.090745631366246e-05,0.0048991886519201,38.93624231720295,17986.005652404565,17960.788181438325,0.0047188235452519,0.7713026444662096,723400,15300.0,-500,0.0016399803744558,2,SIDEWAYS,,,,612,,,False
2025-10-26 10:03:46.418223,18013.196421285695,18018.23978506912,18011.260409425682,18016.00025342688,3610,18028.92715199276,93349,407000,321300,17250,17300,-9238.0,728300,4900.0,0.000231119852222,0.0002310931481446,0.0048549979114311,36.65360898336255,17996.003852745336,17967.689690436895,0.0059125484651885,0.7894348894348895,728300,4900.0,-50,0.0016399004777864,1,TRANSITION,,,,613,,,False
2025-10-26 10:08:46.418223,18032.997493610063,18053.97982048417,18029.51937950537,18048.32515714756,3510,18061.34323017156,93072,397900,320100,19300,17950,-277.0,718000,-10300.0,0.001794233085367,0.0017926253719711,0.0048861662570948,36.74832027435759,18013.444287546077,17977.769123775728,0.008707432037363,0.8044734858004524,718000,-10300.0,1350,0.0016509170904176,0,TRENDED_UP,,,,614,,,False
2025-10-26 10:13:46.418223,18046.19370700843,18056.27369223665,18039.853537786887,18055.86234465376,920,18062.766386187646,78023,399400,320700,18200,17100,-15049.0,720100,2100.0,0.0004176114648075,0.0004175242894106,0.0048367215603605,35.296308429743675,18027.583639915305,17987.530776385483,0.0076408505044227,0.8029544316474712,720100,2100.0,1100,0.0016498061963467,1,TRANSITION,,,,615,,,False
2025-10-26 10:18:46.418223,18052.43562989809,18059.78389323969,18050.26142382104,18054.156348268127,1690,18054.50295679778,107577,409200,320900,17450,16500,29554.0,730100,10000.0,-9.448434824488317e-05,-9.448881217188898e-05,0.0047324877647737,33.45531992895133,18036.441209366247,17995.858972870814,0.0090422313001008,0.7842130987292277,730100,10000.0,950,0.0016395058003516,1,TRANSITION,,,,616,,,False
2025-10-26 10:23:46.418223,18031.22364245255,18046.055061300925,18025.222008581142,18039.710133251963,2690,18035.473614433995,108497,389900,318000,16500,17000,920.0,707900,-22200.0,-0.0008001600704842,-0.0008004803694259,0.0047411235783086,33.132392768810845,18037.53085066149,18001.340367918456,0.0089243253080208,0.8155937419851244,707900,-22200.0,-500,0.0016431400235453,0,TRENDED_UP,,,,617,,,False
2025-10-26 10:28:46.418223,18044.16032032532,18063.602259592102,18031.517229806723,18034.844806900408,950,18044.11685706816,71737,396000,326600,17900,17200,-36760.0,722600,14700.0,-0.0002697009162352,-0.0002697372920685,0.004740314029492,33.057581127137176,18036.63550274113,18005.528422791198,0.0077999258250545,0.8247474747474748,722600,14700.0,700,0.0016440622379125,1,TRANSITION,,,,618,,,False
2025-10-26 10:33:46.418223,18095.35257006307,18101.80615485049,18094.2280733292,18098.95288519605,2850,18105.000922519343,115292,398800,308300,16550,17900,43555.0,707100,-15500.0,0.0035546786779729,0.0035483757399195,0.0050880719447138,35.47927875734741,18057.40796355944,18017.206480591805,0.0104550437511452,0.7730692076228686,707100,-15500.0,-1350,0.001668091790249,0,TRENDED_UP,,,,619,,,False
2025-10-26 10:38:46.418223,18132.089539807726,18157.03186402704,18123.60321268208,18148.49279217688,970,18150.40077131812,86907,408900,317600,16800,17450,-28385.0,726500,19400.0,0.0027371697851841,0.0027334305576793,0.0052655658646593,37.09354304832203,18087.769573098587,18033.61726953994,0.013019253654487,0.7767180239667401,726500,19400.0,-650,0.0016984057287819,1,TRANSITION,,,,620,,,False
2025-10-26 10:43:46.418223,18175.654817186765,18177.89118261084,18166.61335683333,18173.673253722285,2470,18174.67303054697,92480,400800,329700,17250,16600,5573.0,730500,4000.0,0.0013874684710049,0.0013865068260248,0.0052922721572809,36.543889290153466,18116.40413330649,18051.124267562733,0.0137437297241524,0.8226047904191617,730500,4000.0,650,0.0016922880399436,1,TRANSITION,,,,621,,,False
2025-10-26 10:48:46.418223,18161.904258256523,18169.18972477713,18153.930297565228,18154.206935127702,1330,18161.107911479223,137077,405900,316700,17050,17900,44597.0,722600,-7900.0,-0.0010711273567436,-0.0010717014236192,0.0053479414478532,35.34382263778944,18129.005067246893,18064.009601008354,0.0129483233885645,0.7802414387780241,722600,-7900.0,-850,0.0016951094736874,0,TRENDED_UP,,,,622,,,False
2025-10-26 10:53:46.418223,18135.14594647216,18148.583733883428,18121.099828448296,18129.233082889805,800,18128.363125255863,132038,409400,317700,18600,18600,-5039.0,727100,4500.0,-0.0013756509621786,-0.0013765980386288,0.00543202903648,35.18405721219066,18129.0810724612,18072.162536243537,0.0118556625086563,0.7760136785539814,727100,4500.0,0,0.0016734306163786,1,TRANSITION,,,,623,,,False
2025-10-26 10:58:46.418223,18131.905841180625,18134.473482587964,18116.110889095333,18122.02727936336,2100,18126.95229637563,71068,401100,318600,16500,18700,-60970.0,719700,-7400.0,-0.0003974687452855,-0.0003975477569237,0.0053762329648832,33.982524089364986,18126.729808095253,18078.39562913352,0.0126229244393967,0.7943156320119671,719700,-7400.0,-2200,0.0016592477206472,0,TRENDED_UP,,,,624,,,False
2025-10-26 11:03:46.418223,18133.602837940467,18138.73080655524,18121.50468256493,18126.487557558303,4770,18123.47952995529,74420,401700,331400,16250,16250,3352.0,733100,13400.0,0.0002461246816476,0.0002460943979372,0.0053424269167976,32.78563836800385,18126.64905791627,18084.407120186614,0.0135020318908225,0.8249937764500871,733100,13400.0,0,0.0015791703346845,1,TRANSITION,,,,625,,,False
2025-10-26 11:08:46.418223,18163.57136211737,18167.85175048498,18157.34383611172,18160.20648697288,1200,18175.97959744077,78980,401100,326100,18350,18050,4560.0,727200,-5900.0,0.0018602020555558,0.0018584740223737,0.0053905051188187,33.39839226505199,18137.834867601807,18093.882041034896,0.0155146047135357,0.8130142109199701,727200,-5900.0,300,0.001584640770401,0,TRENDED_UP,,,,626,,,False
2025-10-26 11:13:46.418223,18117.69921753078,18124.207252926328,18102.53987529685,18104.966397289,570,18104.85569961952,131724,394000,314200,19750,18500,52744.0,708200,-19000.0,-0.0030418205720019,-0.0030464563113099,0.0057201540615941,35.13183650869313,18126.87871083087,18095.26758556666,0.0108538737726526,0.7974619289340101,708200,-19000.0,1250,0.0016430613192709,0,TRENDED_UP,,,,627,,,False
2025-10-26 11:18:46.418223,18159.496432160395,18161.070556774896,18153.002828767443,18159.638242700214,4350,18166.80257749362,87855,399000,308400,16400,18350,-43869.0,707400,-800.0,0.0030197153759643,0.0030151651933589,0.0058387693719658,36.62985957849321,18137.79855478732,18103.31391770836,0.0151091963454745,0.7729323308270677,707400,-800.0,-1950,0.0016620198730912,1,TRANSITION,,,,628,,,False
2025-10-26 11:23:46.418223,18155.374479202743,18169.392547709904,18154.910439695454,18163.56506918981,4500,18160.6696789654,70516,395300,316500,16850,16700,-17339.0,711800,4400.0,0.0002162392464606,0.0002162158701235,0.0057886958439253,35.04787732391871,18146.38739292149,18110.845311643538,0.013489132398577,0.8006577283076145,711800,4400.0,150,0.001660267722736,0,TRENDED_UP,,,,629,,,False
2025-10-26 11:28:46.418223,18143.9343602789,18159.042378218965,18135.55300885332,18135.69922600504,1010,18138.438152792904,124648,399000,316100,18000,19100,54132.0,715100,3300.0,-0.0015341615524608,-0.0015353395833077,0.005849261312679,34.54531896767396,18142.824670616006,18113.95205093873,0.0102477752100631,0.7922305764411027,715100,3300.0,-1100,0.0016765815648742,1,TRANSITION,,,,630,,,False
2025-10-26 11:33:46.418223,18116.591090745267,18138.11454435394,18115.292979881066,18130.35321354295,940,18138.79081825367,111878,400100,321800,18050,17350,-12770.0,721900,6800.0,-0.0002947784033837,-0.0002948218590788,0.0058567658825095,33.70790793233106,18138.66751825832,18116.002196264253,0.009271102121642,0.8042989252686829,721900,6800.0,700,0.0016778640622018,1,TRANSITION,,,,631,,,False
2025-10-26 11:38:46.418223,18071.85703465257,18076.79397003159,18067.1953511214,18076.47251545172,3420,18086.05822685839,145018,396200,323600,18850,16000,33140.0,719800,-2100.0,-0.0029718504353782,-0.0029762751514539,0.0060016963109837,35.81147611013221,18117.93585065612,18111.060986162687,0.0037866096398087,0.8167592125189298,719800,-2100.0,2850,0.0016737908524262,0,TRENDED_UP,,,,632,,,False
2025-10-26 11:43:46.418223,18094.366091119475,18109.594516478926,18085.99389797564,18103.689942320816,4750,18111.456180524827,111838,396000,323800,18250,16750,-33180.0,719800,0.0,0.0015056824192791,0.0015045500160564,0.0060405883946145,35.619370747066206,18113.187214544352,18110.13960568245,0.0057883116256876,0.8176767676767677,719800,0.0,1500,0.0016816913356415,1,TRANSITION,,,,633,,,False
2025-10-26 11:48:46.418223,18096.53712822404,18111.297886421155,18074.706415382192,18090.58486451003,3490,18093.452705251435,99362,396000,318200,17050,18150,-12476.0,714200,-5600.0,-0.0007238898728678,-0.0007241520076544,0.0058782670023846,35.688806482201656,18105.653097866245,18107.695263035897,0.0074320560141343,0.8035353535353535,714200,-5600.0,-1100,0.0016773921258523,1,TRANSITION,,,,634,,,False
2025-10-26 11:53:46.418223,18061.735861565787,18073.791988305744,18055.458059520824,18069.452966034947,4220,18069.456845567613,105054,385100,317300,16400,18950,5692.0,702400,-11800.0,-0.001168115825627,-0.0011687986046791,0.0055641222683962,35.64866351841625,18093.58638725581,18102.91497591078,0.0095749020674131,0.8239418332900545,702400,-11800.0,-2550,0.0016053313899563,0,TRENDED_UP,,,,635,,,False
2025-10-26 11:58:46.418223,18026.86313156279,18036.373272390265,18012.758724279214,18017.02106007722,870,18014.79950488713,90940,409100,312500,19400,17650,-14114.0,721600,19200.0,-0.0029016875085419,-0.0029059055653721,0.0055537075473599,37.151919106796015,18068.06461152961,18092.178236431584,0.0032425513276521,0.7638719139574676,721600,19200.0,1750,0.0016276648841754,1,TRANSITION,,,,636,,,False
2025-10-26 12:03:46.418223,18017.965879335752,18033.40183936978,18011.633362182358,18025.986103882868,4040,18037.723536837504,126109,394300,309200,17450,16300,35169.0,703500,-18100.0,0.0004975874633079,0.0004974637077168,0.0055497378243493,36.05310182684079,18054.038442314035,18083.904219863,0.0031005658118279,0.784174486431651,703500,-18100.0,1150,0.0016252030792331,0,TRENDED_UP,,,,637,,,False
2025-10-26 12:08:46.418223,18063.31158340809,18073.55865677795,18061.16379210121,18064.863577176577,4290,18069.03676609647,127165,395300,321800,19950,19400,1056.0,717100,13600.0,0.002156745992683,0.0021544235547175,0.005651545553601,36.87591976028663,18057.64682060155,18081.52413952719,0.0059114106827915,0.8140652668859094,717100,13600.0,550,0.0016450106976428,1,TRANSITION,,,,638,,,False
2025-10-26 12:13:46.418223,18056.459897130488,18067.71098463344,18052.248848212523,18061.45477636384,2800,18066.62887324856,68341,391200,320500,17800,18250,-58824.0,711700,-5400.0,-0.0001886978441976,-0.0001887156498749,0.0056542249635083,35.34636380747445,18058.91613918898,18079.015469131773,0.0053076026171903,0.8192740286298569,711700,-5400.0,-450,0.0016457305056203,0,TRENDED_UP,,,,639,,,False
2025-10-26 12:18:46.418223,18015.973757960848,18025.93508771237,18000.696410009976,18005.384017178378,3110,18015.279973503544,118850,395200,328900,18500,17600,50509.0,724100,12400.0,-0.0031044431292899,-0.0031092719092331,0.0059027555250208,37.1615068465023,18041.07209851878,18069.8115376376,0.0034805195821085,0.8322368421052632,724100,12400.0,900,0.0016657625250729,1,TRANSITION,,,,640,,,False
2025-10-26 12:23:46.418223,18009.514125136302,18017.27115177445,17991.73765803388,18001.45423865257,1170,18008.223134405693,78578,401600,317400,16450,16600,-40272.0,719000,-5100.0,-0.0002182557462843,-0.0002182795675356,0.0054980343309423,36.33093448179295,18027.866145230044,18061.266875264468,-0.0005055918959111,0.7903386454183267,719000,-5100.0,-150,0.0016554555912941,1,TRANSITION,,,,641,,,False
2025-10-26 12:28:46.418223,18002.32822579408,18009.966792902163,17993.353530896344,18007.703974999433,2280,18010.617168141907,148274,393700,310700,17150,17100,69696.0,704400,-14600.0,0.0003471795258318,0.0003471192729644,0.0055017740740378,34.92252930493772,18021.14542181984,18054.57151273133,-0.000229481599008,0.7891795783591568,704400,-14600.0,50,0.0016553419059244,0,TRENDED_UP,,,,642,,,False
2025-10-26 12:33:46.418223,17929.829268263584,17931.902861471743,17911.225604334108,17921.327409362264,4060,17928.913884221063,130340,392800,312700,16850,17600,-17934.0,705500,1100.0,-0.0047966451334988,-0.0048081859553743,0.0061417498682093,39.31937511639397,17987.87275100065,18037.915999810204,-0.0052549313239828,0.7960794297352343,705500,1100.0,-750,0.0017669328917734,1,TRANSITION,,,,643,,,False
2025-10-26 12:38:46.418223,17928.54836578191,17937.86905385005,17918.420081876302,17932.70067398753,4680,17932.938032925264,77239,401100,316300,17850,16400,-53101.0,717400,11900.0,0.0006346217758024,0.0006344204885593,0.0060517030042735,37.90006060620488,17969.482058662943,18024.76408408237,-0.0064063829830902,0.7885814011468462,717400,11900.0,1450,0.0017638650479743,1,TRANSITION,,,,644,,,False
2025-10-26 12:43:46.418223,17922.518184263117,17935.70050726104,17902.88933905275,17910.26690816478,2350,17905.514554184207,104779,398200,313500,17300,16400,27540.0,711700,-5700.0,-0.0012509976177369,-0.0012517807684702,0.0060679335833024,37.53656829206829,17949.743675163554,18010.451937092672,-0.0080636102397009,0.787292817679558,711700,-5700.0,900,0.0017613163055044,0,TRENDED_UP,,,,645,,,False
2025-10-26 12:48:46.418223,17941.42403085103,17955.310388762005,17930.73909934827,17949.032757451772,4900,17960.22492479836,119861,398200,322100,18250,17350,15082.0,720300,8600.0,0.0021644484409844,0.002162109397009,0.0062243738620803,38.072776313865226,17949.50670259296,18002.77453963756,-0.0058226808712907,0.8088900050226017,720300,8600.0,900,0.0017723908849958,1,TRANSITION,,,,646,,,False
2025-10-26 12:53:46.418223,17991.432368232283,18000.761520294294,17979.024699818532,17980.344938302318,2500,17981.032487922712,87526,399100,317500,19700,16550,-32335.0,716600,-3700.0,0.0017445051927684,0.0017429853109547,0.0063095378368901,39.04820392305499,17959.78611449608,17999.970839470658,-0.0032908064769965,0.7955399649210724,716600,-3700.0,3150,0.0017829586748715,0,TRENDED_UP,,,,647,,,False
2025-10-26 12:58:46.418223,18022.04106805359,18033.01516296868,18002.038603388122,18027.01785413296,4390,18028.977625526568,72673,402000,316300,18750,16000,-14853.0,718300,1700.0,0.0025957742185032,0.0025924110154278,0.00649363592393,40.021205404719566,17982.19669437504,18003.351716303445,-0.0004339905805263,0.78681592039801,718300,1700.0,2750,0.0018095192414369,1,TRANSITION,,,,648,,,False
2025-10-26 13:03:46.418223,18014.953797848524,18027.762581150902,18002.34619902879,18020.5891540306,620,18023.02508667324,102035,406300,319700,18200,18400,29362.0,726000,7700.0,-0.0003566147298671,-0.0003566783320216,0.006145213309785,38.97800374167616,17994.994180926893,18005.50639601934,-0.0043297383921889,0.786857002215112,726000,7700.0,-200,0.0018075056396009,1,TRANSITION,,,,649,,,False
2025-10-26 13:08:46.418223,17985.2574308068,17993.80099909557,17976.749913343607,17978.991620544304,4920,17979.339305333553,96812,402000,321400,17500,17300,-5223.0,723400,-2600.0,-0.0023083337137724,-0.0023110020230632,0.0060224545806701,39.3252349520557,17989.659994132697,18002.192049084962,-0.0093396831116268,0.799502487562189,723400,-2600.0,200,0.0018340508796679,0,TRENDED_UP,,,,650,,,False
2025-10-26 13:13:46.418223,18054.995949543987,18073.286120276985,18044.49658437397,18060.25019319961,2630,18069.82935276377,81714,409300,320100,18250,19750,-15098.0,729400,6000.0,0.0045196401650497,0.0045094572619497,0.006558558263407,43.251611007814674,18013.190060488334,18009.449317099294,-0.0062410641447757,0.7820669435621793,729400,6000.0,-1500,0.0019206510712147,1,TRANSITION,,,,651,,,False
2025-10-26 13:18:46.418223,18056.780370556506,18063.492211136483,18053.047819443327,18059.13174493061,2690,18064.772277399163,124721,398000,317900,18200,19450,43007.0,715900,-13500.0,-6.192872507482239e-05,-6.193064273674054e-05,0.0065391010960038,40.90823819962476,18028.50395530243,18015.659620578208,-0.0052370886008313,0.7987437185929648,715900,-13500.0,-1250,0.0019200569601142,0,TRENDED_UP,,,,652,,,False
2025-10-26 13:23:46.418223,18057.33822422449,18058.08503080585,18052.18078351153,18052.47319940117,3350,18054.438462580976,74220,390500,329300,19850,17950,-50501.0,719800,3900.0,-0.0003687079547061,-0.0003687759441977,0.006501937762912,38.48271842958606,18036.49370333534,18020.26131793108,-0.0042340391972277,0.8432778489116517,719800,3900.0,1900,0.0019203466803262,1,TRANSITION,,,,653,,,False
2025-10-26 13:28:46.418223,18056.865351512024,18059.06008880924,18034.564473602208,18047.759683447024,2930,18044.462345763543,97842,401700,326300,19400,16000,23622.0,728000,8200.0,-0.0002611008420886,-0.0002611349348473,0.006500594808773,37.48363962797516,18040.24903003924,18023.69861362057,-0.0040981946871312,0.8122977346278317,728000,8200.0,3400,0.0019136923046986,0,TRENDED_UP,,,,654,,,False
2025-10-26 13:33:46.418223,18062.411956658485,18071.003399299225,18042.06650476392,18044.68707977863,4050,18049.940598148693,103636,403300,333600,19650,16000,5794.0,736900,8900.0,-0.0001702484808246,-0.000170262974743,0.0064966761496248,36.8731578356416,18041.72837995237,18026.32217189033,-0.0045127594367042,0.8271757996528639,736900,8900.0,3650,0.0019115307042781,1,TRANSITION,,,,655,,,False
2025-10-26 13:38:46.418223,18058.68172016838,18066.59720231565,18048.997374673352,18061.83882962719,3070,18052.172442283896,106179,403600,322700,18150,18250,2543.0,726300,-10600.0,0.0009505152277085,0.0009500637741624,0.0064223626855348,35.80436960002587,18048.43186317732,18030.76175410744,-0.0054166596297376,0.7995540138751239,726300,-10600.0,-100,0.0019139631671654,0,TRENDED_UP,,,,656,,,False
2025-10-26 13:43:46.418223,18043.329467007192,18045.05145217894,18016.33263085702,18029.212341029903,1070,18034.07705176929,122613,408800,319800,17050,16550,16434.0,728600,2300.0,-0.0018063769090759,-0.0018080103752442,0.0062735293976758,36.49735739789332,18042.025355794845,18030.568077472748,-0.0041841588985462,0.7822896281800391,728600,2300.0,500,0.0019218429934938,1,TRANSITION,,,,657,,,False
2025-10-26 13:48:46.418223,18028.71508795929,18031.36124652465,18015.785707770967,18029.57455466281,850,18040.445561165005,95199,394800,321400,19000,19000,-27414.0,716200,-12400.0,2.009037477934683e-05,2.009017297055493e-05,0.0059929420034781,35.00294178044984,18037.87508875084,18030.443887121502,-0.0071622400346926,0.8140830800405269,716200,-12400.0,0,0.0019143545416751,0,TRENDED_UP,,,,658,,,False
2025-10-26 13:53:46.418223,18028.009639846936,18032.60820173065,18023.06847518681,18025.63491635737,3770,18029.58915523704,47931,402100,322400,16350,17000,-47268.0,724500,8300.0,-0.0002185097764507,-0.0002185336531912,0.0059869408188633,33.1841406921206,18033.795031286347,18029.84276577599,-0.0075937819644453,0.8017905993533947,724500,8300.0,-650,0.0019020046756729,1,TRANSITION,,,,659,,,False
2025-10-26 13:58:46.418223,18013.500461147778,18031.08294417814,17995.817606162796,18019.617330497047,4780,18029.74252087969,92264,393000,322900,17400,17500,44333.0,715900,-8600.0,-0.0003338348906013,-0.0003338906258729,0.0059394399303537,33.3327976437793,18029.06913102325,18028.564586366123,-0.0064007400024335,0.8216284987277354,715900,-8600.0,-100,0.0018914956435324,0,TRENDED_UP,,,,660,,,False
2025-10-26 14:03:46.418223,17994.429426857736,17995.56590283184,17987.56634454778,17991.7118586456,4420,17988.67569840649,114513,403600,316000,17800,17950,22249.0,719600,3700.0,-0.0015486162297252,-0.0015498165752472,0.0059881189200251,33.241239665599835,18016.616706897366,18023.95799540106,-0.0076469196857006,0.7829534192269574,719600,3700.0,-150,0.0019010909388429,1,TRANSITION,,,,661,,,False
2025-10-26 14:08:46.418223,17997.482356933997,18001.703944069868,17985.08501638208,17994.51774157284,4310,18009.12141591249,97116,413700,315600,19900,19350,-17397.0,729300,9700.0,0.0001559541943136,0.0001559420347216,0.005771827595701,32.05393166718474,18009.250385122526,18020.27796367253,-0.004533781345272,0.7628716461203771,729300,9700.0,550,0.0018738854575603,1,TRANSITION,,,,662,,,False
2025-10-26 14:13:46.418223,17990.780158047142,18006.29810574362,17990.050927811175,17997.363620519624,2420,18006.88756675361,97265,397700,303700,17650,18300,149.0,701400,-27900.0,0.000158152554442,0.0001581400496455,0.0056923622441626,30.92487782898899,18005.288130254892,18017.41367077842,-0.0058731850876784,0.7636409353784259,701400,-27900.0,-650,0.0018729660347883,0,TRENDED_UP,,,,663,,,False
2025-10-26 14:18:46.418223,18031.593300285884,18047.645974972667,18015.86448687417,18034.6141153421,3820,18040.796196362106,110524,409900,324000,16050,16500,13259.0,733900,32500.0,0.00206977508528,0.0020676360518656,0.005826387071155,32.30755473070719,18015.063458617296,18019.56372634888,-0.0030939159561242,0.7904366918760674,733900,32500.0,-450,0.0018657597997989,1,TRANSITION,,,,664,,,False
2025-10-26 14:23:46.418223,17960.21345810366,17969.036690915327,17952.49206095246,17963.05257234219,990,17963.420485541,113160,398100,313700,16200,19850,2636.0,711800,-22100.0,-0.0039680107676401,-0.0039759042101294,0.0062067270700598,35.865733277773934,17997.726496525596,18012.499832098045,-0.0058884125542018,0.7879929665913087,711800,-22100.0,-3650,0.0018885599126045,0,TRENDED_UP,,,,665,,,False
2025-10-26 14:28:46.418223,17989.822984918817,17999.244090849686,17984.711416187805,17994.044005355423,810,17993.51576084449,64272,399900,315900,18650,19800,-48888.0,715800,4000.0,0.0017252876641329,0.0017238010649993,0.0060872525375597,35.88900365132563,17996.498999468873,18010.192853755216,-0.0012752971007349,0.7899474868717179,715800,4000.0,-1150,0.0018507585020676,1,TRANSITION,,,,666,,,False
2025-10-26 14:33:46.418223,18023.65994323187,18028.863045151946,18000.038866933726,18009.821628348374,1470,18013.040483632783,99626,389300,326700,18750,19500,35354.0,716000,200.0,0.0008768247420232,0.0008764405557695,0.0061023857688079,35.81257766169685,18000.93987576204,18010.14645057936,-0.0008967318315534,0.8391985615206782,716000,200.0,-750,0.0018523300934079,0,TRENDED_UP,,,,667,,,False
2025-10-26 14:38:46.418223,17967.871578139744,17975.82682462531,17964.876604802004,17974.670519046642,920,17984.751315864334,96095,400900,325900,17300,18350,-3531.0,726800,10800.0,-0.0019517744277046,-0.0019536816214262,0.0060571913848338,36.4648952248878,17992.183423523576,18005.71195913777,-0.0049927339746913,0.8129209279121976,726800,10800.0,-1050,0.0018681371858916,1,TRANSITION,,,,668,,,False
2025-10-26 14:43:46.418223,17958.817488797045,17976.954407396282,17936.433524400647,17964.317096441682,4300,17960.820229855144,101502,400800,316500,16450,19200,5407.0,717300,-9500.0,-0.0005760006890801,-0.0005761666412045,0.0060616919159262,36.75460863708406,17982.894647829613,18000.53760130076,-0.005378175851553,0.7896706586826348,717300,-9500.0,-2750,0.001868932935268,0,TRENDED_UP,,,,669,,,False
2025-10-26 14:48:46.418223,17948.9938067059,17953.33852663641,17935.392343269184,17939.8695871168,4000,17943.513589991428,60604,400300,331800,19650,17000,-40898.0,732100,14800.0,-0.001360892773916,-0.0013618196294835,0.0058559268808449,36.19533324675647,17968.552960925343,17992.954099527764,-0.0036386022091544,0.8288783412440669,732100,14800.0,2650,0.001869792749666,1,TRANSITION,,,,670,,,False
2025-10-26 14:53:46.418223,17911.31776619012,17919.87283162006,17898.411744695764,17909.13186472787,3830,17916.658465399712,126461,398800,309800,16600,16650,65857.0,708600,-23500.0,-0.0017133749071955,-0.0017148444127652,0.0059260430379098,36.57122675920486,17948.74592885952,17982.47632017778,-0.0051286064281665,0.7768304914744233,708600,-23500.0,-50,0.001815792095037,0,TRENDED_UP,,,,671,,,False
2025-10-26 14:58:46.418223,17890.61127475213,17890.957841789088,17883.035649664143,17890.259659050524,3590,17898.825598478757,100134,408100,321300,19350,18950,-26327.0,729400,20800.0,-0.0010537755721435,-0.0010543311839814,0.0059386726214646,35.823011638099366,17929.250505589855,17970.94923753687,-0.0065218928582988,0.7873070325900514,729400,20800.0,400,0.0018198650148642,1,TRANSITION,,,,672,,,False
2025-10-26 15:03:46.418223,17861.01137321688,17866.4442531803,17857.814660649256,17859.810248918948,960,17867.300134515543,108499,398000,320900,19450,19650,8365.0,718900,-10500.0,-0.0017020105192364,-0.001703460584725,0.0053676516755249,35.5817249783257,17906.10375336622,17957.05686395963,-0.0034326229881375,0.8062814070351759,718900,-10500.0,-200,0.0018307721269407,0,TRENDED_UP,,,,673,,,False
2025-10-26 15:08:46.418223,17908.19818841629,17916.49406438814,17898.842620524374,17911.187603640534,3190,17907.152606085,135319,402800,319800,18800,17850,26820.0,722600,3700.0,0.0028767021600744,0.0028725723706362,0.0056186943693095,37.08901715624461,17907.798370124325,17951.323206419744,-0.001199655910066,0.7939424031777557,722600,3700.0,950,0.0018552903945157,1,TRANSITION,,,,674,,,False
2025-10-26 15:13:46.418223,17933.529640564666,17950.04010939139,17917.533626195906,17946.364369868912,4810,17956.0470322333,108693,404300,320200,19500,16250,-26626.0,724500,1900.0,0.0019639549876206,0.0019620289493786,0.0056840656552625,37.21498062728828,17920.65370337252,17950.70335185089,0.002015461963198,0.7919861488993322,724500,1900.0,3250,0.0018735998196461,1,TRANSITION,,,,675,,,False
2025-10-26 15:18:46.418223,17967.94716671908,17980.87449889434,17952.84068290102,17977.665730423854,3600,17981.623659096487,69201,403500,320200,19750,19650,-39492.0,723700,-800.0,0.0017441616535711,0.0017426423699617,0.0056368743366104,37.021776941441104,17939.657712389635,17954.07364917251,0.0015952376575942,0.7935563816604709,723700,-800.0,100,0.00188866523044,0,TRENDED_UP,,,,676,,,False
2025-10-26 15:23:46.418223,17987.5880214112,17988.31902279669,17967.842073148055,17975.786192288586,4620,17973.5270216025,98271,403400,320800,19900,16750,29070.0,724200,500.0,-0.0001045485083243,-0.0001045539738999,0.0055482791699692,35.84000356338366,17951.70053902262,17956.78771706202,-0.0002535405204613,0.7952404561229549,724200,500.0,3150,0.0018862432675396,1,TRANSITION,,,,677,,,False
2025-10-26 15:28:46.418223,17957.329998131165,17963.255691289825,17956.007458730637,17962.915356180092,4800,17966.377699812496,113497,400100,316300,18100,17100,15226.0,716400,-7800.0,-0.0007160096348951,-0.000716266092219,0.0053434702480311,34.692769991566884,17955.438811408443,17957.553671951777,-0.0035559124904382,0.7905523619095226,716400,-7800.0,1000,0.001887968263258,0,TRENDED_UP,,,,678,,,False
2025-10-26 15:33:46.418223,17943.386512377034,17976.75127339896,17937.281328517834,17955.309294477833,1120,17948.349824800982,101132,406500,326100,17800,17750,-12365.0,732600,16200.0,-0.0004234313613041,-0.0004235210336762,0.0053446078178964,35.033996769392544,17955.395639098242,17957.273124767533,-0.0036225152793166,0.8022140221402214,732600,16200.0,50,0.0018277400680178,1,TRANSITION,,,,679,,,False
2025-10-26 15:38:46.418223,17956.74246980727,17970.85013250948,17951.221268549132,17960.21538030284,680,17966.923330493086,134136,397800,308400,18450,19850,33004.0,706200,-26400.0,0.0002732387253567,0.0002732014024537,0.0051892268639863,33.93363014017508,17957.002219499776,17957.640906709446,-0.001044343344596,0.77526395173454,706200,-26400.0,-1400,0.0017895461662373,0,TRENDED_UP,,,,680,,,False
2025-10-26 15:43:46.418223,17924.033711966298,17940.292617421586,17919.465923636842,17933.81109692636,3960,17936.71076391129,82880,405800,323800,19400,18600,-51256.0,729600,23400.0,-0.0014701540497914,-0.0014712357865995,0.004502381998491,34.42047489201964,17949.271845308638,17954.66218048656,-0.0070009603920578,0.7979300147856087,729600,23400.0,800,0.0017853389755588,1,TRANSITION,,,,681,,,False
2025-10-26 15:48:46.418223,17943.393111485017,17962.450628616443,17936.110735403898,17961.44659131193,4420,17958.19494627286,124902,400900,322600,19750,17400,42022.0,723500,-6100.0,0.0015409716449119,0.0015397855664254,0.0046142998993149,34.0075503775955,17953.330093976405,17955.510231839733,-0.0054091832873471,0.8046894487403342,723500,-6100.0,2350,0.0017960595742612,0,TRENDED_UP,,,,682,,,False
2025-10-26 15:53:46.418223,17937.105267746952,17955.32382650944,17934.12843967853,17946.286460693012,1500,17948.31397862326,116781,394600,321300,17900,17350,-8121.0,715900,-7600.0,-0.0008440372851845,-0.0008443936852113,0.0046287723669252,33.52973618158158,17950.982216215274,17954.357260446395,-0.0058821158483526,0.8142422706538267,715900,-7600.0,550,0.001791347369623,0,TRENDED_UP,,,,683,,,False
2025-10-26 15:58:46.418223,17927.202572917533,17934.08095319239,17900.89076206967,17929.43727576615,860,17929.217827240416,101775,401100,332200,17100,16900,-15006.0,733300,17400.0,-0.0009388674901498,-0.0009393085022875,0.0046480739340695,34.37730492742165,17943.800569398903,17951.242262361364,-0.0065560717649291,0.8282223884318125,733300,17400.0,200,0.0017938822709896,1,TRANSITION,,,,684,,,False
2025-10-26 16:03:46.418223,17946.51052005856,17956.123630513568,17937.286697727268,17955.88836570584,1560,17956.012707616876,106626,405700,324200,16800,16500,4851.0,729900,-3400.0,0.0014752883502617,0.00147420118153,0.0047474811050498,33.82795134313558,17947.82983483455,17951.823025279424,-0.0049210448305473,0.7991126448114371,729900,-3400.0,300,0.0018057711281999,1,TRANSITION,,,,685,,,False
2025-10-26 16:08:46.418223,17958.653555734796,17962.68055167684,17943.293489227995,17959.95455093431,1410,17951.364127321318,80446,395200,315300,18050,17450,-26180.0,710500,-19400.0,0.0002264541383671,0.0002264285015005,0.0047080882723271,32.79645927925765,17951.871406867802,17952.839465986286,-0.0056408585888695,0.7978238866396761,710500,-19400.0,600,0.0017870830044064,0,TRENDED_UP,,,,686,,,False
2025-10-26 16:13:46.418223,17949.11197845104,17950.05270350783,17945.58416843603,17949.326497651316,3570,17943.91210079576,93854,407000,321900,18600,18950,13408.0,728900,18400.0,-0.000591763929739,-0.0005919390911195,0.0046175370222,31.48031093775927,17951.02310379564,17952.400344944414,-0.0044309114490146,0.7909090909090909,728900,18400.0,-350,0.0017481349188657,1,TRANSITION,,,,687,,,False
2025-10-26 16:18:46.418223,17980.532349283214,18009.03532053569,17963.278886779044,17977.37304176659,2340,17979.72970103846,111542,402200,315100,19550,18550,17688.0,717300,-11600.0,0.0015625401944159,0.0015613206986611,0.0047189845894245,33.49663321966039,17959.806416452622,17955.521932047184,-0.0028953269384117,0.7834410740924913,717300,-11600.0,1000,0.0017133347294453,0,TRENDED_UP,,,,688,,,False
2025-10-26 16:23:46.418223,17951.57835073263,17967.50300583611,17938.18232404487,17965.611219435457,2650,17967.039033180197,97017,392100,318700,18400,17700,-14525.0,710800,-6500.0,-0.0006542570098426,-0.0006544711293585,0.0047293132051257,33.9033535412362,17961.741350780234,17956.78309297072,-0.0033299075012022,0.81280285641418,710800,-6500.0,700,0.0017137114861936,0,TRENDED_UP,,,,689,,,False
2025-10-26 16:28:46.418223,17968.351221878445,17972.739776763898,17952.006009610166,17960.998315018594,770,17969.838600718558,101204,403200,318400,17850,17950,4187.0,721600,10800.0,-0.0002567630102042,-0.0002567959794692,0.0047282957196856,32.96266879927158,17961.49367219302,17957.309995726704,-0.0032530666108676,0.7896825396825397,721600,10800.0,-100,0.0017045306892474,1,TRANSITION,,,,690,,,False
2025-10-26 16:33:46.418223,17984.523756695566,18012.635887339937,17976.231192556617,17998.303208569796,850,17998.49156272787,119848,403400,324200,18350,16800,18644.0,727600,6000.0,0.002076994435215,0.0020748404642816,0.0048077878975298,34.29659047941949,17973.763517651947,17962.43414733209,0.000366354795807,0.8036688150718889,727600,6000.0,1550,0.0017286671066933,1,TRANSITION,,,,691,,,False
2025-10-26 16:38:46.418223,17976.354889774593,17981.021668613244,17967.774612882164,17980.847757217107,4210,17981.601255504684,61855,405700,313600,18900,16200,-57993.0,719300,-8300.0,-0.0009698387203732,-0.0009703093182391,0.0048392685253165,34.02744799429184,17976.124930840335,17964.735848567714,-0.0007596749494515,0.7729849642593049,719300,-8300.0,2700,0.0016915248246469,0,TRENDED_UP,,,,692,,,False
2025-10-26 16:43:46.418223,17985.330917975283,17996.022868250133,17968.09051651682,17972.747425670594,3690,17973.752605942467,107387,398700,321400,19300,19150,45532.0,720100,800.0,-0.0004504977549383,-0.0004505992595387,0.0048439548241252,33.592083975650574,17974.999095783754,17965.737295705574,-0.0013677667111734,0.8061198896413343,720100,800.0,150,0.0016791043951227,1,TRANSITION,,,,693,,,False
2025-10-26 16:48:46.418223,17951.78954883291,17955.537331517266,17947.246049084646,17955.08953020069,670,17957.61924219668,135530,391500,313900,17800,16900,28143.0,705400,-14700.0,-0.0009824817014165,-0.0009829646529162,0.0047066169695457,33.0141763049575,17968.362573922735,17964.406325017462,-0.0044095529093555,0.8017879948914431,705400,-14700.0,900,0.0016810115185675,0,TRENDED_UP,,,,694,,,False
2025-10-26 16:53:46.418223,17976.868476134136,17986.271466712275,17956.38066527498,17957.992525971913,3940,17962.07687778671,92462,398700,321900,17550,17200,-43068.0,720600,15200.0,0.0001616809410134,0.0001616678720584,0.0041302863995168,32.88330203400228,17964.90589127246,17963.60460013677,-0.0002816918978496,0.8073739653875094,720600,15200.0,350,0.001675780331129,1,TRANSITION,,,,695,,,False
2025-10-26 16:58:46.418223,17972.062945152888,17981.939164287847,17964.027341297413,17977.68377987848,4680,17979.087867844886,75114,391800,317900,19450,16100,-17348.0,709700,-10900.0,0.0010965175466071,0.0010959168103479,0.0040564816736873,32.24496891128313,17969.16518747447,17965.36449760448,-0.0009092022600407,0.8113833588565594,709700,-10900.0,3350,0.00164162673866,0,TRENDED_UP,,,,696,,,False
2025-10-26 17:03:46.418223,17958.15643234349,17968.71859051655,17951.275562454663,17966.10499506867,2450,17972.777003633426,92218,408100,317100,18300,18900,17104.0,725200,15500.0,-0.000644064327284,-0.0006442718258128,0.0040347548190636,31.828058090749863,17968.145123339204,17965.457059787503,-0.0024273773600785,0.7770154373927959,725200,15500.0,-600,0.0016419504140752,1,TRANSITION,,,,697,,,False
2025-10-26 17:08:46.418223,17986.615948644703,17995.230095437273,17978.910271014392,17981.2887091051,1270,17997.293248073387,69658,397000,313200,19800,16950,-22560.0,710200,-15000.0,0.0008451310977311,0.0008447741755279,0.0039114731922188,31.63498968202521,17972.526318594504,17967.436015952204,0.0003681953475278,0.7889168765743073,710200,-15000.0,2850,0.0016206418715357,0,TRENDED_UP,,,,698,,,False
2025-10-26 17:13:46.418223,17967.802521606594,17976.018104749397,17964.516570006384,17968.912461908058,2160,17968.056545673837,104513,384800,317000,19950,18950,34855.0,701800,-8400.0,-0.0006882847718683,-0.000688521748577,0.0039176816345277,30.573357497503213,17971.321699699023,17967.620571696687,0.0002558051854519,0.8238045738045738,701800,-8400.0,1000,0.0016225077598348,2,SIDEWAYS,,,,699,,,False
2025-10-26 17:18:46.418223,17930.061460800916,17947.885723769603,17912.6552458032,17947.58054224653,1390,17953.279778554912,98526,403500,318200,19200,18450,-5987.0,721700,19900.0,-0.0011871569693907,-0.0011878621984262,0.0038984129694695,32.407918826600074,17963.407980548192,17965.115568015415,0.0004298222510641,0.7885997521685254,721700,19900.0,750,0.0015802288671496,2,SIDEWAYS,,,,700,,,False
2025-10-26 17:23:46.418223,17888.423498002678,17900.632541982977,17862.574286581716,17883.8999923884,3130,17887.635185717572,106374,392500,315500,16350,16350,7848.0,708000,-13700.0,-0.0035481411941979,-0.0035544507764448,0.004294139104817,36.1649428864726,17936.905317828263,17954.963621062037,-0.0014088830508398,0.8038216560509555,708000,-13700.0,0,0.0016435475476497,2,SIDEWAYS,,,,701,,,False
2025-10-26 17:28:46.418223,17904.87078271065,17911.1508694232,17892.294028490047,17895.390980952106,2570,17904.591186846905,97375,400100,322700,16200,19850,-8999.0,722800,14800.0,0.00064253258901,0.0006423262533257,0.0042691631716938,35.52822389706737,17923.067205536212,17947.517041048297,0.0002868221031653,0.8065483629092727,722800,14800.0,-3650,0.0016453775660879,2,SIDEWAYS,,,,702,,,False
2025-10-26 17:33:46.418223,17870.693608867936,17888.572513873965,17866.297290638337,17883.932785216377,2610,17888.59870275911,103917,397700,324000,17450,18150,6542.0,721700,-1100.0,-0.0006402875325789,-0.000640492604182,0.0041674611390875,35.06861435540326,17910.022398762936,17939.569009069306,0.0013506602792092,0.8146844355041488,721700,-1100.0,-700,0.0015271554675452,2,SIDEWAYS,,,,703,,,False
2025-10-26 17:38:46.418223,17917.97383375616,17940.002896234582,17899.48051257446,17935.556626719357,3200,17935.234946106244,109009,390500,316900,17100,18950,5092.0,707400,-14300.0,0.0028866045362043,0.0028824462935439,0.0041697189398986,36.56872125988912,17918.533808081746,17939.06746127556,0.0013605475872449,0.8115236875800256,707400,-14300.0,-1850,0.0015708052924968,2,SIDEWAYS,,,,704,,,False
2025-10-26 17:43:46.418223,17862.283802069283,17862.331268464484,17860.87183429909,17862.316808638974,3120,17859.646104260413,76047,388600,312000,17300,17600,-32962.0,700600,-6800.0,-0.0040834984720392,-0.0040918587190574,0.0046367406850449,39.29129777134466,17899.79480826749,17929.47362969599,-0.0046832639468219,0.8028821410190428,700600,-6800.0,-300,0.0016500401698541,2,SIDEWAYS,,,,705,,,False
2025-10-26 17:48:46.418223,17907.974640559507,17920.747017180125,17900.63470152525,17917.031267753486,3220,17923.896122404585,106921,406500,307900,16050,19550,30874.0,714400,13800.0,0.0030631221974548,0.0030584403968383,0.0048728366389198,40.65836282633082,17905.54029476282,17927.918334453178,-0.003372766163282,0.7574415744157441,714400,13800.0,-3500,0.0016742383479368,2,SIDEWAYS,,,,706,,,False
2025-10-26 17:53:46.418223,17913.823018255294,17940.21806119917,17912.07218708424,17925.83849932233,3910,17923.59524916246,128964,383500,308800,19450,18050,22043.0,692300,-22100.0,0.0004915564100562,0.0004914356357801,0.004885010401692,39.764613632659525,17912.306362949326,17927.658355061823,-0.0027786096492226,0.8052151238591917,692300,-22100.0,1400,0.001659509460181,2,SIDEWAYS,,,,707,,,False
2025-10-26 17:58:46.418223,17911.403567531972,17913.956786678304,17902.093210009032,17904.75410016621,2630,17914.693425683217,80765,405200,325800,16450,19250,-48199.0,731000,38700.0,-0.0011762015571498,-0.001176893825086,0.0049117886865606,38.62037618127653,17909.788942021623,17924.795323199873,-0.0032378516994944,0.8040473840078973,731000,38700.0,-2800,0.0016288217496428,2,SIDEWAYS,,,,708,,,False
2025-10-26 18:03:46.418223,17896.94811934964,17898.188782179568,17877.689588308687,17892.60537267084,4230,17899.153311282327,106166,396000,321100,16600,19600,25401.0,717100,-13900.0,-0.0006785196505578,-0.0006787499491949,0.0049194558385844,37.79495730100843,17904.061085571364,17920.771579383745,-0.0034922217589576,0.8108585858585858,717100,-13900.0,-3000,0.0016301671437336,2,SIDEWAYS,,,,709,,,False
2025-10-26 18:08:46.418223,17907.845382595835,17928.59761392844,17888.827315105467,17918.86653782931,1130,17922.916430043595,125893,407400,325800,16500,18950,19727.0,733200,16100.0,0.0014677105212739,0.0014666344869294,0.0049977519928634,37.93605312400583,17908.996236324016,17920.533449189443,-0.0023022464707677,0.7997054491899853,733200,16100.0,-2450,0.001616960888278,2,SIDEWAYS,,,,710,,,False
2025-10-26 18:13:46.418223,17907.01354572201,17929.880862513062,17903.310229758477,17922.100332478793,610,17918.629242637613,76899,406800,324900,18050,16700,-48994.0,731700,-1500.0,0.0001804687055766,0.0001804524230575,0.004931007963869,37.12423738333291,17913.364268375608,17920.72930960061,-0.0006529992082706,0.7986725663716814,731700,-1500.0,1350,0.0015023192994183,2,SIDEWAYS,,,,711,,,False
2025-10-26 18:18:46.418223,17936.852711985943,17942.778345731716,17917.699859670407,17941.900867527616,2590,17949.124221967304,115957,392600,311100,16000,18000,39058.0,703700,-28000.0,0.0011048110813742,0.0011042012267523,0.0048906789280508,36.26382657461694,17922.876468092945,17923.375754341487,-0.0010882043205678,0.7924095771777891,703700,-28000.0,-2000,0.0015107079764858,2,SIDEWAYS,,,,712,,,False
2025-10-26 18:23:46.418223,17940.1057022197,17950.008044477727,17929.684972021874,17932.21372096962,3610,17944.497822150926,95559,404600,324100,16250,16850,-20398.0,728700,25000.0,-0.0005399175165173,-0.0005400633244647,0.0048768166026698,35.12520128041948,17925.988885718503,17924.480500170004,-0.0007841588706508,0.801038062283737,728700,25000.0,-600,0.0015113697680245,2,SIDEWAYS,,,,713,,,False
2025-10-26 18:28:46.418223,17944.33024482885,17964.46016362231,17929.52103165613,17962.158485231343,2230,17963.46023083426,120226,395200,323100,18150,19850,24667.0,718300,-10400.0,0.0016698866479996,0.0016684939375224,0.0049389173943225,35.111910615116464,17938.04541888945,17929.19024830267,0.0018249992435299,0.8175607287449392,718300,-10400.0,-1700,0.0015285620629805,2,SIDEWAYS,,,,714,,,False
2025-10-26 18:33:46.418223,17934.725093322264,17936.840642371353,17924.322809284313,17929.963684779857,4800,17929.558966032087,83510,399300,313600,16800,18600,-36716.0,712900,-5400.0,-0.0017923681320346,-0.0017939763457572,0.0049757908192532,35.3064652816817,17935.351507519586,17929.28692786232,-0.0014437982904536,0.7853744052091159,712900,-5400.0,-1800,0.0015444911174822,2,SIDEWAYS,,,,715,,,False
2025-10-26 18:38:46.418223,17933.372535417682,17937.020947752113,17930.080148404195,17930.36746007746,3050,17933.458516687802,99818,398100,318900,17650,18000,16308.0,717000,4100.0,2.251958256604958e-05,2.2519329004211382e-05,0.004973362452109,33.28866511672269,17933.690158372214,17929.42199438921,-0.0016473923011854,0.8010550113036925,717000,4100.0,-350,0.0015383684173063,2,SIDEWAYS,,,,716,,,False
2025-10-26 18:43:46.418223,17941.833750257796,17949.702913298177,17941.533002939406,17944.904834514215,1500,17951.007585871026,69630,400000,321700,17600,16700,-30188.0,721700,4700.0,0.0008107683497911,0.0008104398546766,0.0049867094477442,32.29200712415077,17937.428383752882,17931.357349404836,-0.0002463414511781,0.80425,721700,4700.0,900,0.0015268187204827,2,SIDEWAYS,,,,717,,,False
2025-10-26 18:48:46.418223,17896.04635720699,17912.59448313191,17876.203300828223,17909.953020674817,650,17910.6807779344,108745,399500,319700,17700,16750,39115.0,719200,-2500.0,-0.0019477291276671,-0.0019496284186484,0.0050168115048635,34.89268759285367,17928.26992939353,17928.681808313584,-0.0037502710176362,0.8002503128911139,719200,-2500.0,950,0.001545729979022,2,SIDEWAYS,,,,718,,,False
2025-10-26 18:53:46.418223,17860.070743062784,17881.073051541687,17849.63887373984,17867.696778739835,2460,17876.090298040548,108974,406400,319800,18100,19950,229.0,726200,7000.0,-0.002359372014332,-0.0023621597181673,0.0051696619626266,36.70850611729096,17908.07887917563,17921.058679616865,-0.0054501035060636,0.7869094488188977,726200,7000.0,-1850,0.0015727951218567,2,SIDEWAYS,,,,719,,,False
2025-10-26 18:58:46.418223,17880.172771947866,17895.335791290072,17870.36661398355,17883.88170535966,3070,17897.70979796798,110816,408000,333800,16650,19400,1842.0,741800,15600.0,0.0009058205330125,0.0009054105251706,0.0052063851922164,36.06068514821565,17900.01315457031,17916.411557834715,-0.0042935592056957,0.8181372549019608,741800,15600.0,-2750,0.0015784224080842,2,SIDEWAYS,,,,720,,,False
2025-10-26 19:03:46.418223,17884.934863047212,17895.029701271615,17877.583563917848,17889.07780563919,4330,17894.42795949189,109831,397300,318700,19600,16200,-985.0,716000,-25800.0,0.0002905465583555,0.0002905043578795,0.0050475816194337,34.73107459146932,17896.36803825994,17912.994838810275,-0.0060686500091075,0.8021646111250944,716000,-25800.0,3400,0.0015681332333023,2,SIDEWAYS,,,,721,,,False
2025-10-26 19:08:46.418223,17880.178549974244,17887.021597023686,17872.38142334797,17880.567574996687,2930,17882.400407718902,98178,389100,309300,17150,17950,-11653.0,698400,-17600.0,-0.0004757221548793,-0.000475835346565,0.0050301306602342,33.442882284308546,17891.10121717219,17908.941430833576,-0.0055770552965263,0.79491133384734,698400,-17600.0,-800,0.0015685383489193,2,SIDEWAYS,,,,722,,,False
2025-10-26 19:13:46.418223,17880.85176745517,17897.199269399593,17877.954743655526,17885.8417724175,3970,17891.779892140847,70447,400900,306600,18950,16350,-27731.0,707500,9100.0,0.0002949681210449,0.0002949246265018,0.0050349247379284,32.42871396000556,17889.348068920626,17906.05397353157,-0.0048354128166828,0.7647792466949364,707500,9100.0,2600,0.001569027906534,2,SIDEWAYS,,,,723,,,False
2025-10-26 19:18:46.418223,17890.355686236013,17896.338580152362,17860.365898141208,17867.72832147619,2980,17877.612567763892,119841,398700,312500,18750,19150,49394.0,711200,3700.0,-0.0010127256615479,-0.0010132388146644,0.0050366162050248,32.68185453508757,17882.141486439148,17901.263267024646,-0.00486554013432,0.7837973413594181,711200,3700.0,-400,0.0015470259165272,2,SIDEWAYS,,,,724,,,False
2025-10-26 19:23:46.418223,17876.05556902556,17882.061428599856,17871.937528890663,17873.404483315302,1540,17877.835139221705,99231,413300,318200,16500,17900,-20610.0,731500,20300.0,0.0003176767486603,0.0003176263000845,0.0050407789946284,31.371229719986168,17879.229152064534,17897.780919060977,-0.0047103284253111,0.7699007984514881,731500,20300.0,-1400,0.0014643817403407,2,SIDEWAYS,,,,725,,,False
2025-10-26 19:28:46.418223,17855.37677151886,17860.961668801985,17844.646300112236,17857.531218554446,2310,17863.701504696724,107869,397500,318300,16000,19650,8638.0,715800,-15700.0,-0.000888094082785,-0.0008884886719737,0.0050016537879718,31.184583540206187,17871.996507561173,17892.74970649766,-0.0066834283434507,0.8007547169811321,715800,-15700.0,-3650,0.0014484880922385,2,SIDEWAYS,,,,726,,,False
2025-10-26 19:33:46.418223,17860.80148539981,17869.682130609453,17850.444029226266,17850.522468372597,2040,17857.8667062724,96295,390600,331000,18550,18300,-11574.0,721600,5800.0,-0.0003924814744026,-0.0003925585154149,0.0049965857474605,30.331263386133408,17864.838494498315,17887.471301732025,-0.0064333658702203,0.8474142345110087,721600,5800.0,250,0.0014428428140734,2,SIDEWAYS,,,,727,,,False
2025-10-26 19:38:46.418223,17834.78727370702,17840.458020087444,17834.271277218697,17838.23227080304,3360,17837.114995302032,139175,403300,326200,18200,16800,42880.0,729500,7900.0,-0.0006885063219483,-0.0006887434512758,0.0049635571833614,29.325543940973912,17855.96975326656,17881.3164228659,-0.0079558501404641,0.8088271757996529,729500,7900.0,1400,0.0014251456429908,2,SIDEWAYS,,,,728,,,False
2025-10-26 19:43:46.418223,17845.890728078608,17856.44707377758,17841.696616274498,17844.066242545232,2180,17850.092833282582,88647,392500,314000,18000,19950,-50528.0,706500,-23000.0,0.0003270487598561,0.0003269952910684,0.0049682760848734,28.53191958622866,17852.00191635945,17876.660150325817,-0.0069479006939059,0.8,706500,-23000.0,-1950,0.0014250906499624,2,SIDEWAYS,,,,729,,,False
2025-10-26 19:48:46.418223,17800.550699693234,17818.42655396087,17794.458901978935,17816.174916778207,4690,17812.565633374194,87877,395400,321800,16800,17100,-770.0,717200,10700.0,-0.0015630588559755,-0.0015642817068943,0.0049971930503566,30.03730679909071,17840.059583165705,17869.099496132367,-0.0073216345322429,0.813859382903389,717200,10700.0,-300,0.0014283363120164,2,SIDEWAYS,,,,730,,,False
2025-10-26 19:53:46.418223,17828.229508027376,17851.43511013504,17824.474893441835,17842.251586368267,960,17842.295668480074,68767,385600,311200,17150,17100,-19110.0,696800,-20400.0,0.0014636514129362,0.0014625813192434,0.0046887907817972,30.410370124643737,17840.790250899892,17865.743507411855,-0.0023288212323855,0.8070539419087137,696800,-20400.0,50,0.0014269293889568,2,SIDEWAYS,,,,731,,,False
2025-10-26 19:58:46.418223,17841.0507629182,17848.157762680094,17828.18728028118,17836.895532516057,920,17846.593429792745,102258,401000,321800,18900,17300,33491.0,722800,26000.0,-0.0003001893469714,-0.0003002344128137,0.0046708641470322,29.664663858520065,17839.492011438615,17862.13751054988,-0.003268743806621,0.8024937655860349,722800,26000.0,1600,0.0014213541907927,2,SIDEWAYS,,,,732,,,False
2025-10-26 20:03:46.418223,17848.08231793806,17848.217811142207,17836.633652444634,17846.736235991713,3700,17854.969124067968,137168,399000,315000,16550,18000,34910.0,714000,-8800.0,0.0005517049453878,0.0005515528121673,0.0046747102902862,28.373199204166703,17841.906752956314,17860.212351230108,-0.0020798864361317,0.7894736842105263,714000,-8800.0,-1450,0.0014066238309497,2,SIDEWAYS,,,,733,,,False
2025-10-26 20:08:46.418223,17874.589186838413,17883.301320379036,17864.107320490133,17873.928295660106,3550,17876.05432788029,102500,396500,319400,17550,17300,-34668.0,715900,1900.0,0.0015236432762173,0.0015224837094951,0.0044443874361017,28.958333860106418,17852.58060052425,17861.92684428386,-0.0034360980448993,0.8055485498108449,715900,1900.0,250,0.0013700166726556,2,SIDEWAYS,,,,734,,,False
2025-10-26 20:13:46.418223,17919.478712656583,17925.26301028931,17909.274187842395,17915.431961472375,2700,17928.183055723835,104542,402400,311800,18200,16200,2042.0,714200,-1700.0,0.0023220226200832,0.0023193308915914,0.0039952638807443,30.556646772184784,17873.531054173625,17868.614983932424,0.0029735869877591,0.7748508946322068,714200,-1700.0,2000,0.0013795860788262,2,SIDEWAYS,,,,735,,,False
2025-10-26 20:18:46.418223,17946.944408868734,17948.868394098932,17946.14985982031,17948.694460142084,500,17945.22933860277,119464,395900,317000,17250,16650,14922.0,712900,-1300.0,0.001856639501701,0.0018549180769618,0.0037464623620427,30.762345761782782,17898.58552282978,17878.624918458634,0.0017672119848104,0.8007072493053802,712900,-1300.0,600,0.0013821033584972,2,SIDEWAYS,,,,736,,,False
2025-10-26 20:23:46.418223,17897.63464143907,17918.398721854046,17886.7886623522,17890.848913727015,2490,17893.326325631133,103241,401600,310400,18500,19100,-16223.0,712000,-900.0,-0.0032228275178188,-0.003228032011556,0.0041777590220078,32.98687804950435,17896.00665312886,17880.15291786718,-0.0019519078896441,0.7729083665338645,712000,-900.0,-600,0.0014425795483906,2,SIDEWAYS,,,,737,,,False
2025-10-26 20:28:46.418223,17863.49411995432,17870.484371604573,17845.450473291516,17853.395749760526,4900,17858.439892635346,123985,395700,320400,17500,19100,20744.0,716100,4100.0,-0.0020934257590065,-0.0020956200376183,0.0042913579789811,33.87341821993258,17881.803018672752,17876.80827185385,-0.0028684197570302,0.8097043214556482,716100,4100.0,-1600,0.0014637438528199,2,SIDEWAYS,,,,738,,,False
2025-10-26 20:33:46.418223,17846.938267122674,17852.711319781156,17841.519388638073,17852.49501150827,1930,17841.0252446341,126954,398200,313700,19950,16550,2969.0,711900,-4200.0,-5.045192885899663e-05,-5.045320160057543e-05,0.0042775728547152,32.302199855826906,17872.03368295126,17873.769114310653,-0.0022417283747753,0.7877950778503264,711900,-4200.0,3400,0.0014631468607517,2,SIDEWAYS,,,,739,,,False
2025-10-26 20:38:46.418223,17847.815226094204,17864.167031393372,17846.028648596814,17853.43308994348,4270,17856.159331094208,88140,397600,307700,19600,19650,-38814.0,705300,-6600.0,5.254606902882486e-05,5.254468853266303e-05,0.0041810309161133,31.29049863730772,17865.833485282,17871.227111264758,-0.0036516510543618,0.7738933601609658,705300,-6600.0,-50,0.001462481046836,2,SIDEWAYS,,,,740,,,False
2025-10-26 20:43:46.418223,17861.857849524928,17871.6396326821,17842.1831827986,17854.674562642336,770,17852.222232554697,71391,401100,327000,18100,16400,-16749.0,728100,22800.0,6.953691721944821e-05,6.953449964086644e-05,0.0041788091497527,31.15949515489305,17862.113844402113,17869.158042686955,-0.0037621578155249,0.8152580403889305,728100,22800.0,1700,0.0014514703116921,2,SIDEWAYS,,,,741,,,False
2025-10-26 20:48:46.418223,17842.602155478846,17878.942909335296,17828.87100321037,17850.589890848267,3910,17848.26001188341,113791,404300,311900,18500,16450,42400.0,716200,-11900.0,-0.0002287732425331,-0.0002287994151242,0.0041154673450172,32.51038165275252,17858.27252655083,17866.837023707118,-0.0050892587888839,0.7714568389809547,716200,-11900.0,2050,0.00143602416692,2,SIDEWAYS,,,,742,,,False
2025-10-26 20:53:46.418223,17847.77994024323,17850.270453887537,17828.116332583402,17842.14381008058,3870,17844.255089418697,106452,403300,330800,19150,16150,-7339.0,734100,17900.0,-0.0004731541545311,-0.0004732661272797,0.0041136222917,31.793465696474808,17852.896287727413,17863.7503720038,-0.0050227993202932,0.8202330771138111,734100,17900.0,3000,0.0014335746040883,2,SIDEWAYS,,,,743,,,False
2025-10-26 20:58:46.418223,17827.74680697693,17832.60278054535,17825.231973517482,17830.00348985897,3270,17823.804042022814,79082,400000,318200,19250,19900,-27370.0,718200,-15900.0,-0.0006804294568431,-0.0006806610540284,0.0039766338217402,30.730492186947792,17845.265355104602,17859.532011735697,-0.007357411720926,0.7955,718200,-15900.0,-650,0.0014313860389238,2,SIDEWAYS,,,,744,,,False
2025-10-26 21:03:46.418223,17811.579442850893,17833.948195993813,17800.619061569552,17818.88525412645,900,17818.129948375317,86439,399300,322500,17800,18650,7357.0,721800,3600.0,-0.0006235689038895,-0.0006237634038388,0.003878140333017,30.916109489613,17836.471988111887,17854.451167034542,-0.0061951285906785,0.8076634109691961,721800,3600.0,-850,0.0014180234255513,2,SIDEWAYS,,,,745,,,False
2025-10-26 21:08:46.418223,17774.21452157455,17782.9105519933,17765.48249927578,17773.91580310672,3810,17767.86050181262,86377,397900,312400,18100,16750,-62.0,710300,-11500.0,-0.0025236960886381,-0.0025268859776161,0.0040939345368072,32.522298443974286,17815.619926443498,17844.384246543566,-0.008725513145176,0.785121889922091,710300,-11500.0,1350,0.0014505477031858,2,SIDEWAYS,,,,746,,,False
2025-10-26 21:13:46.418223,17749.79443588743,17778.2880487568,17741.745766087613,17753.830214743473,1960,17758.040289049808,102949,392400,314900,19800,19800,16572.0,707300,-3000.0,-0.0011300598351959,-0.0011306988342614,0.0040676246028079,32.80944017434659,17795.023355876823,17833.064992568554,-0.0106478480400319,0.8024974515800204,707300,-3000.0,0,0.0014548427865463,2,SIDEWAYS,,,,747,,,False
2025-10-26 21:18:46.418223,17714.01984822543,17716.726644467908,17688.633190450484,17709.445825744413,3940,17713.542094404154,119947,396000,323700,19300,17550,16998.0,719700,12400.0,-0.0024999894930954,-0.0025031196848814,0.0041519418995819,35.12283903996392,17766.497512499354,17817.612596715535,-0.0111952942980332,0.8174242424242424,719700,12400.0,1750,0.0014668445531774,2,SIDEWAYS,,,,748,,,False
2025-10-26 21:23:46.418223,17688.28574194655,17694.750447566443,17671.75453140138,17686.54816341334,2270,17688.23608990068,121067,393400,322200,17150,16000,1120.0,715600,-4100.0,-0.0012929632330892,-0.0012937998312541,0.0040225851726934,35.306300133040246,17739.847729470683,17801.22954255276,-0.0101383305061477,0.8190137264870361,715600,-4100.0,1150,0.0014721431209838,2,SIDEWAYS,,,,749,,,False
2025-10-26 21:28:46.418223,17716.44068431382,17722.20437243244,17706.96459999572,17714.617136115572,3640,17723.45555291527,115816,404700,312800,18450,18700,-5251.0,717500,1900.0,0.0015870237902213,0.0015857657987634,0.0041111972640778,35.33129362490166,17731.437531685646,17790.40299174811,-0.0094646437519971,0.7729182110205091,717500,1900.0,-250,0.0014913238180826,2,SIDEWAYS,,,,750,,,False
2025-10-26 21:33:46.418223,17691.405600278184,17709.895798483707,17683.682738323914,17684.80159010767,3740,17686.767277458952,94158,384300,328200,18350,17300,-21658.0,712500,-5000.0,-0.0016831041720408,-0.0016845221831971,0.0041669369174881,35.017229636812814,17715.89221782632,17777.202816543053,-0.0114190467362788,0.8540202966432474,712500,-5000.0,1050,0.0014716817686801,2,SIDEWAYS,,,,751,,,False
2025-10-26 21:38:46.418223,17761.577120452024,17763.089147942454,17751.923543040935,17760.007226486483,4670,17763.436254947177,144402,407100,324900,18100,17600,50244.0,732000,19500.0,0.0042525575418885,0.0042435409723466,0.0049308891628264,38.10796736523939,17730.597220713043,17775.053367785982,-0.0067425347659986,0.7980840088430361,732000,19500.0,500,0.0015808813322267,2,SIDEWAYS,,,,752,,,False
2025-10-26 21:43:46.418223,17774.9028885195,17777.263436152418,17754.966155065867,17761.139618582656,2160,17759.86436474537,100664,399200,310900,17400,19800,-43738.0,710100,-21900.0,6.376079028180826e-05,6.375875764952355e-05,0.0049244366006681,36.97863263104732,17740.778020002916,17773.314149135567,-0.0069721154543116,0.7788076152304609,710100,-21900.0,-2400,0.0015809268858118,2,SIDEWAYS,,,,753,,,False
2025-10-26 21:48:46.418223,17780.009537189824,17783.564456638444,17772.304613076332,17775.643178035618,1720,17766.915651041472,92223,396700,319900,19700,19750,-8441.0,716600,6500.0,0.0008165894624119,0.0008162562346303,0.0049374518388497,35.93907587567161,17752.39973934715,17773.605277748073,-0.0051537129837534,0.8064028232921603,716600,6500.0,-50,0.00158283629618,2,SIDEWAYS,,,,754,,,False
2025-10-26 21:53:46.418223,17757.309426207787,17758.32728260227,17743.1967465759,17754.780115065932,1230,17757.556928696955,72678,394800,318000,16850,16800,-19545.0,712800,-3800.0,-0.0011736882182392,-0.001174377529665,0.0049609157986242,35.689601274532,17753.19319792008,17771.252132412803,-0.0066369207030537,0.8054711246200608,712800,-3800.0,50,0.001587519231099,2,SIDEWAYS,,,,755,,,False
2025-10-26 21:58:46.418223,17776.150416474364,17778.499252747904,17769.94844430087,17773.873471567356,2880,17775.9568454224,93049,401200,332900,16950,18850,20371.0,734100,21300.0,0.0010753924508037,0.0010748146305594,0.0049983876533569,34.834568160777714,17760.086622469174,17771.57979980712,-0.0046847319466067,0.8297607178464607,734100,21300.0,-1900,0.0015872319020312,2,SIDEWAYS,,,,756,,,False
2025-10-26 22:03:46.418223,17760.985713231184,17762.31882574445,17746.110405045016,17758.841096888238,2980,17771.50266407661,108775,394100,321800,19950,19900,15726.0,715900,-18200.0,-0.0008457568184653,-0.000846114672548,0.0050122708219174,34.329460900889345,17759.67144727553,17769.987461942263,-0.0051360609554593,0.8165440243592996,715900,-18200.0,50,0.0015884244156093,2,SIDEWAYS,,,,757,,,False
2025-10-26 22:08:46.418223,17764.414175811733,17775.641340355833,17756.427792030507,17763.865573397958,3120,17770.975272946896,68275,401800,333300,16050,17300,-40500.0,735100,19200.0,0.0002829281754539,0.000282888158825,0.0050091724446204,33.24975285977767,17761.06948931634,17769.222225874226,-0.0041689499428037,0.8295171727227476,735100,19200.0,-1250,0.001583849786239,2,SIDEWAYS,,,,758,,,False
2025-10-26 22:13:46.418223,17832.94125737394,17841.55227520426,17814.155242465476,17837.216183588127,3010,17838.572947609413,80917,392300,317800,19150,17650,12642.0,710100,-25000.0,0.0041292031786153,0.0041207014148074,0.005564573615482,36.42382064167228,17786.45172074027,17777.72147058846,-0.0003838844164775,0.8100943155748151,710100,-25000.0,1500,0.0016777560804458,2,SIDEWAYS,,,,759,,,False
2025-10-26 22:18:46.418223,17830.550201274804,17855.733546240222,17817.85522297278,17838.346761570898,4060,17842.67254117079,90653,405400,324600,17700,17500,9736.0,730000,19900.0,6.338309583364676e-05,6.33810872106011e-05,0.0054887726867472,36.5277136863702,17803.750067683817,17785.299631961265,0.0012444783965277,0.8006906758756783,730000,19900.0,200,0.0016720573893268,2,SIDEWAYS,,,,760,,,False
2025-10-26 22:23:46.418223,17861.493589158017,17879.8048124474,17854.096819623348,17855.690700441115,1600,17864.12046824691,84492,411300,317900,16200,16200,-6161.0,729200,-800.0,0.0009722839847232,0.0009718116228043,0.0054530307115296,36.87988062852254,17821.06361193625,17794.098515521244,0.0007532185053995,0.7729151470945782,729200,-800.0,0,0.0016147660768708,2,SIDEWAYS,,,,761,,,False
2025-10-26 22:28:46.418223,17842.84227709195,17849.43681758258,17814.59210613082,17832.108015546764,2290,17838.43888658753,82842,408300,317300,17700,16850,-1650.0,725600,-3600.0,-0.001320737757502,-0.0013216107003177,0.0055044145667868,37.18121732007759,17824.745079806424,17798.849703024433,-0.000268405281657,0.7771246632378154,725600,-3600.0,850,0.0016208762261062,2,SIDEWAYS,,,,762,,,False
2025-10-26 22:33:46.418223,17842.084280439543,17846.60742965321,17819.581679356546,17832.78815832594,2370,17845.28308921755,122492,405800,316800,16200,16400,39650.0,722600,-3000.0,3.8141468108099374e-05,3.814074074171003e-05,0.005494601069914,36.455826818405136,17827.426105979597,17803.09200993712,-0.000781547812515,0.7806801379990143,722600,-3000.0,-200,0.0016191168814577,2,SIDEWAYS,,,,763,,,False
2025-10-26 22:38:46.418223,17889.718335323192,17890.231728780655,17885.339189347666,17885.36037380703,3570,17884.701854051127,66986,398000,324900,19700,16300,-55506.0,722900,300.0,0.0029480648238702,0.0029437278025561,0.0056858711395632,37.95495136385578,17846.737528588743,17813.37555542086,0.0006395951666484,0.8163316582914573,722900,300.0,3400,0.0016210148180106,2,SIDEWAYS,,,,764,,,False
2025-10-26 22:43:46.418223,17873.080577908422,17885.551059692327,17865.078508755632,17869.935618873213,2560,17878.736745548325,103507,400000,323000,17050,18150,36521.0,723000,100.0,-0.0008624234911367,-0.00086279559223,0.005540880855591,36.70620847620141,17854.470225350233,17820.4455633524,-0.0025395057566574,0.8075,723000,100.0,-1100,0.0015358023503909,2,SIDEWAYS,,,,765,,,False
2025-10-26 22:48:46.418223,17921.916966356526,17928.260526905695,17897.17337841288,17915.01706357512,2830,17916.327337456867,110381,390000,320700,17600,17100,6874.0,710700,-12300.0,0.0025227536160956,0.0025195768149277,0.0056314146342003,38.25040130165003,17874.65250475853,17832.26700088024,-0.0018763145498826,0.8223076923076923,710700,-12300.0,500,0.0015191415537161,2,SIDEWAYS,,,,766,,,False
2025-10-26 22:53:46.418223,17941.132886975625,17943.489874133556,17913.06555677034,17929.50598632046,730,17934.133321948317,90318,394000,323700,19450,16650,-20063.0,717700,7000.0,0.000808758523306,0.0008084316543577,0.0053304098582012,37.691395306047646,17892.93699861251,17844.42187406027,0.0021607176260811,0.8215736040609137,717700,7000.0,2800,0.0015214357540821,2,SIDEWAYS,,,,767,,,False
2025-10-26 22:58:46.418223,17926.181594861595,17940.485737404997,17914.315848774615,17922.093342470343,750,17922.679339392256,95461,400600,315500,16800,17800,5143.0,716100,-1600.0,-0.0004134326877589,-0.0004135181746143,0.0051845596325397,36.8684305435001,17902.655779898454,17854.13080761153,0.0038478726216966,0.7875686470294558,716100,-1600.0,-1000,0.0015145746106089,2,SIDEWAYS,,,,768,,,False
2025-10-26 23:03:46.418223,17943.374079777244,17951.632717926434,17938.37561542678,17945.00178263361,4300,17947.826281914775,99189,403400,308000,19300,19200,3728.0,711400,-4700.0,0.0012782234600341,0.0012774072279047,0.0052243433447752,36.3449266086851,17916.771114143507,17865.489679489292,0.0051817278798123,0.7635101636093208,711400,-4700.0,100,0.0015204059197467,2,SIDEWAYS,,,,769,,,False
2025-10-26 23:08:46.418223,17969.749241566515,17980.958356778046,17963.01703173741,17975.09550671272,2670,17979.8313802858,112686,401700,321700,16450,18050,13497.0,723400,12000.0,0.0016769975530586,0.0016755929627709,0.0052933877797762,36.31718714695294,17936.212578333245,17879.190407892223,0.0068145110330501,0.8008464027881503,723400,12000.0,-1600,0.0015239440112006,2,SIDEWAYS,,,,770,,,False
2025-10-26 23:13:46.418223,17986.697580175212,17999.533835146227,17976.312642080673,17981.684480234973,3950,17988.481126653904,130613,399000,321800,19400,19950,17927.0,720800,-2600.0,0.0003665612524723,0.0003664940853109,0.0052931363881173,35.46869723884954,17951.369878967154,17892.002166935068,0.0071135386504541,0.8065162907268171,720800,-2600.0,-550,0.001524398543507,2,SIDEWAYS,,,,771,,,False
2025-10-26 23:18:46.418223,17944.562141614053,17948.32542810577,17927.44096094254,17940.85660907215,4270,17944.775020296584,74310,401400,326300,16100,16450,-56303.0,727700,6900.0,-0.0022705253897487,-0.0022731069409136,0.0054787608128874,36.80975595696278,17947.86545566882,17898.108972202204,0.0050567918917996,0.8129048330842052,727700,6900.0,-350,0.0015471952214985,2,SIDEWAYS,,,,772,,,False
2025-10-26 23:23:46.418223,17925.179825056905,17931.959919950245,17916.764033257467,17916.87420814207,590,17907.094373668173,81674,397300,326900,18450,17400,7364.0,724200,-3500.0,-0.0013367478182704,-0.0013376420626425,0.0055347129837488,35.90138594680002,17937.535039826573,17900.45462669469,0.0041884203410169,0.8228039265039013,724200,-3500.0,1050,0.0015553104134086,2,SIDEWAYS,,,,773,,,False
2025-10-26 23:28:46.418223,17918.705022448827,17935.853761348877,17916.8747868512,17918.42334783878,660,17921.593392380157,82681,396000,321300,18450,16000,1007.0,717300,-6900.0,8.646260942124506e-05,8.645887174374423e-05,0.0055137197867151,34.69268360822899,17931.164475830643,17902.700716837702,0.0049590488319366,0.8113636363636364,717300,-6900.0,2450,0.0015396301469277,2,SIDEWAYS,,,,774,,,False
2025-10-26 23:33:46.418223,17916.8836760809,17922.79133166944,17905.380962642088,17909.283077507775,2940,17920.765081170208,99748,398400,314800,17350,17150,17067.0,713200,-4100.0,-0.0005101046087354,-0.0005102347563514,0.0055086327218255,33.458232566737735,17923.870676389688,17903.523511921463,0.0050731469501095,0.7901606425702812,713200,-4100.0,200,0.001523688865691,2,SIDEWAYS,,,,775,,,False
2025-10-26 23:38:46.418223,17933.75154473307,17946.10168201048,17929.785344324217,17938.89071063609,2550,17942.021737013834,92004,396700,312300,16300,19250,-7744.0,709000,-4200.0,0.0016532003542619,0.0016518353227965,0.0053333039053631,33.69825913359267,17928.87735447182,17907.944411760793,0.009281854902257,0.7872447693471137,709000,-4200.0,-2950,0.0015388886844222,2,SIDEWAYS,,,,776,,,False
2025-10-26 23:43:46.418223,17938.711836504954,17941.468528731122,17915.966215893233,17922.693764316315,3070,17934.335352408772,113328,398400,305800,17100,17400,21324.0,704200,-4800.0,-0.0009028956461711,-0.0009033035019658,0.0053142032810595,33.11283439818526,17926.816157753317,17909.788080830233,0.0095113869813068,0.767570281124498,704200,-4800.0,-300,0.0015396448436239,2,SIDEWAYS,,,,777,,,False
2025-10-26 23:48:46.418223,17902.99529079887,17905.213045987384,17889.46581756721,17899.776066632698,1610,17902.710573404132,86870,395300,318400,19650,17050,-26458.0,713700,9500.0,-0.0012786971637737,-0.0012795153945788,0.0051387175919743,33.12105670896533,17917.802794046445,17908.53657905554,0.0107473854778448,0.8054642044017202,713700,9500.0,2600,0.0015277997777115,2,SIDEWAYS,,,,778,,,False
2025-10-26 23:53:46.418223,17913.38735620538,17927.91260675023,17912.41033345446,17916.084282406748,2540,17911.218373775602,82234,397000,314500,17200,19600,-4636.0,711500,-2200.0,0.0009110849048246,0.0009106701188912,0.0050536061881452,32.76501980957721,17917.229956833213,17909.480041974442,0.0129780054803587,0.792191435768262,711500,-2200.0,-2400,0.0015005601417828,2,SIDEWAYS,,,,779,,,False
2025-10-26 23:58:46.418223,17929.980659039873,17939.468761399712,17926.52044089251,17931.628733700938,760,17932.88598378025,84737,403300,314600,18600,16550,2503.0,717900,6400.0,0.0008676254838482,0.0008672493144246,0.0050147630489778,32.09498117981916,17922.029549122453,17912.248628440255,0.0122504255055524,0.7800644681378627,717900,6400.0,2050,0.0015001973466019,2,SIDEWAYS,,,,780,,,False
2025-10-27 00:03:46.418223,17945.22198095269,17975.02437416306,17934.664403597162,17969.385524403842,1200,17969.968988453802,102313,401000,318500,18100,16700,17576.0,719500,1600.0,0.0021055973923853,0.0021033837290413,0.0049483394146019,32.90217112855496,17937.814874216252,17919.3907404357,0.016092006056509,0.7942643391521197,719500,1600.0,1400,0.001523315218797,2,SIDEWAYS,,,,781,,,False
2025-10-27 00:08:46.418223,17974.51759480527,17980.173783411716,17966.176604296856,17977.6613381534,2250,17980.01893012286,119278,400900,316800,19900,18050,16965.0,717700,-1800.0,0.0004605507371588,0.0004604447162179,0.004437514778411,31.55181455614818,17951.097028861972,17926.674565150413,0.012255294093705,0.7902220004988775,717700,-1800.0,1850,0.0015223757876128,2,SIDEWAYS,,,,782,,,False
2025-10-27 00:13:46.418223,17997.195656830227,17998.62018416087,17972.236723816302,17988.160573315476,2510,17985.361695888405,99111,403600,320700,16950,18950,-20167.0,724300,6600.0,0.0005840156272047,0.0005838451564468,0.0044339282075811,31.1826463981782,17963.45154367981,17934.360316171045,0.0127818912304082,0.7945986124876115,724300,6600.0,-2000,0.0015234906578793,2,SIDEWAYS,,,,783,,,False
2025-10-27 00:18:46.418223,18009.77595423425,18011.431537946304,18003.710710935724,18008.916309383392,2970,18012.470433127513,88836,399000,316500,19250,17100,-10275.0,715500,-8800.0,0.0011538553919019,0.0011531902124009,0.0044481179559279,30.61752627193894,17978.606465581004,17943.67981532259,0.0131231893558718,0.793233082706767,715500,-8800.0,2150,0.0015224502900332,2,SIDEWAYS,,,,784,,,False
2025-10-27 00:23:46.418223,18008.06063057159,18015.675096841274,17989.74620126986,17992.06725473764,1670,17993.8938462495,79379,399900,313700,19650,19150,-9457.0,713600,-1900.0,-0.0009355951438883,-0.0009360330862033,0.0044210988029179,30.282624079044343,17983.093395299886,17949.72824524947,0.0133646904176727,0.784446111527882,713600,-1900.0,500,0.0015284390225803,2,SIDEWAYS,,,,785,,,False
2025-10-27 00:28:46.418223,17963.430080333026,17963.55671322716,17956.9920065525,17962.706156352535,580,17973.238742818026,129232,395400,324300,19500,16700,49853.0,719700,6100.0,-0.0016318913201802,-0.0016332243052108,0.0045584418859468,30.62495437233699,17976.297648984102,17951.35048413735,0.0106241717702812,0.8201820940819423,719700,6100.0,2800,0.0015396701032576,2,SIDEWAYS,,,,786,,,False
2025-10-27 00:33:46.418223,17975.18968737918,17975.75274421729,17962.626097810316,17967.702517056776,1350,17964.772503385702,64780,401600,305300,19250,16050,-64452.0,706900,-12800.0,0.0002781518920784,0.000278113215014,0.0045037483413852,29.37507523195392,17973.432605008325,17953.394488252277,0.0117609825454845,0.7602091633466136,706900,-12800.0,3200,0.0015384833170933,2,SIDEWAYS,,,,787,,,False
2025-10-27 00:38:46.418223,17980.970206894635,17991.36986907037,17964.148339634005,17989.2000095309,720,17994.12366447479,96278,405100,308000,19000,17700,31498.0,713100,6200.0,0.0011964519366745,0.0011957367584507,0.0045264978516134,29.221250532269128,17978.688406515852,17957.870178412104,0.0126849888163076,0.7603060972599358,713100,6200.0,1300,0.0015411537943309,2,SIDEWAYS,,,,788,,,False
2025-10-27 00:43:46.418223,17988.476459394147,17989.236518806145,17975.8828118757,17983.533763247622,2890,17989.347991436494,114794,400700,325100,16650,17300,18516.0,725800,12700.0,-0.0003149804482843,-0.000315030065046,0.0039801772600977,28.08785456071018,17980.303525426443,17961.078126516542,0.0082029380679997,0.8113301721986523,725800,12700.0,-650,0.0015420652599681,2,SIDEWAYS,,,,789,,,False
2025-10-27 00:48:46.418223,17954.238825412765,17961.402517775325,17931.27674439845,17953.190603843337,1220,17960.955255848512,96002,386300,310700,16250,17450,-18792.0,697000,-28800.0,-0.0016872745815005,-0.0016886996324512,0.0041336276907152,29.814223438457567,17971.26588489874,17960.09218618239,0.0064380317193881,0.8042971783587886,697000,-28800.0,-1200,0.0015444636526666,2,SIDEWAYS,,,,790,,,False
2025-10-27 00:53:46.418223,17925.327349740564,17933.60444686704,17915.714483252836,17919.631058562132,760,17921.260376590857,88673,401300,318900,17650,17100,-7329.0,720200,23200.0,-0.0018692802868154,-0.0018710295714861,0.004273855682169,30.361501806460705,17954.054276119874,17955.03454522986,0.0035809512605098,0.7946673311736855,720200,23200.0,550,0.0015555499670903,2,SIDEWAYS,,,,791,,,False
2025-10-27 00:58:46.418223,17953.8464302845,17978.895530111513,17953.02005838529,17969.455965352634,3980,17974.240158670535,110713,397600,318500,16700,18300,22040.0,716100,-4100.0,0.0027804649899136,0.0027766066474708,0.0044447175686831,32.4259996452407,17959.188172530794,17956.837222745206,0.0077022834140598,0.801056338028169,716100,-4100.0,-1600,0.0015933239654661,2,SIDEWAYS,,,,792,,,False
2025-10-27 01:03:46.418223,17952.960739858943,17960.75925915643,17945.80283494169,17950.077110474904,1300,17955.56953677496,78124,405900,315900,19500,19650,-32589.0,721800,5700.0,-0.0010784330318678,-0.0010790149591883,0.0045083438518308,31.799366128505284,17956.1511518455,17955.992208711417,0.0065771516550092,0.7782705099778271,721800,5700.0,-150,0.0015997901697565,2,SIDEWAYS,,,,793,,,False
2025-10-27 01:08:46.418223,17971.502270473306,17998.639063546376,17948.768969328397,17987.969172007135,1330,17982.671550673273,65184,398400,319800,16250,18100,-12940.0,718200,-3600.0,0.0021109692899379,0.0021087443249392,0.0043612359937055,33.09013242061052,17966.757158566048,17959.989329123382,0.005737027158277,0.802710843373494,718200,-3600.0,-1850,0.0016104040616916,2,SIDEWAYS,,,,794,,,False
2025-10-27 01:13:46.418223,17972.445395883642,17985.046299273705,17963.516747879195,17979.76154492796,2480,17981.589903689193,107063,414600,311700,17550,17650,41879.0,726300,8100.0,-0.0004562842531412,-0.0004563883824779,0.0043342746349874,32.473153256848306,17971.09195402002,17962.460856098955,0.006145849005676,0.751808972503618,726300,8100.0,-100,0.0015854193277362,2,SIDEWAYS,,,,795,,,False
2025-10-27 01:18:46.418223,17973.427333049454,17983.330286117172,17963.35845802513,17977.759528696177,920,17981.178907202957,80096,401600,317000,19500,18350,-26967.0,718600,-7700.0,-0.00011134831943,-0.0001113545191149,0.0041155406861811,31.58020145936217,17973.31447891207,17964.373190173606,0.0035022274831446,0.7893426294820717,718600,-7700.0,1150,0.0015679084516785,2,SIDEWAYS,,,,796,,,False
2025-10-27 01:23:46.418223,17998.92139473041,18019.44378670071,17992.12800606259,18002.239794197507,3120,18006.297021376322,102634,399600,316900,16050,16250,22538.0,716500,-2100.0,0.0013616972383156,0.0013607709694021,0.0041586235045909,32.30191978401731,17982.956250673884,17969.106515676594,0.0040566543178903,0.7930430430430431,716500,-2100.0,-200,0.0015175523257177,2,SIDEWAYS,,,,797,,,False
2025-10-27 01:28:46.418223,17985.174263729336,17989.551808853394,17984.885213679565,17988.715520245838,1410,17992.703649015915,97534,400600,327500,17600,18700,-5100.0,728100,11600.0,-0.0007512550719398,-0.0007515374054438,0.0041780502539864,31.23425269358336,17984.87600719787,17971.55764124775,0.0037173212136787,0.8175237144283575,728100,11600.0,-1100,0.0014942824996881,2,SIDEWAYS,,,,798,,,False
2025-10-27 01:33:46.418223,17987.9474526387,17992.161094373143,17955.103436176585,17970.61001610712,3880,17976.562895465686,105220,390400,315200,18750,18550,7686.0,705600,-22500.0,-0.0010064923267223,-0.0010069991802481,0.0041689140986007,31.650210229510105,17980.12067683429,17971.43918810517,0.0014270398957714,0.8073770491803278,705600,-22500.0,200,0.0015012816179692,2,SIDEWAYS,,,,799,,,False
2025-10-27 01:38:46.418223,17975.658456418183,17982.478108980806,17972.951146826173,17973.151900096975,4960,17987.193990779568,95458,397200,315300,16400,16650,-9762.0,712500,6900.0,0.0001414467281621,0.0001414367255154,0.004057632605352,30.237201846951287,17977.797751255184,17971.653277104146,-0.0001081277490303,0.7938066465256798,712500,6900.0,-250,0.0015012679128692,2,SIDEWAYS,,,,800,,,False
2025-10-27 01:43:46.418223,17964.126380043515,17983.856210678154,17948.914832675913,17971.71764234624,1330,17972.10172361365,111030,399800,327700,17750,16650,15572.0,727500,15000.0,-7.980001274709991e-05,-7.980319693778881e-05,0.0040519137459502,30.57321442947195,17975.771048285536,17971.66132275941,-0.0005542772091061,0.8196598299149574,727500,15000.0,1100,0.0015014622590589,2,SIDEWAYS,,,,801,,,False
2025-10-27 01:48:46.418223,17955.976859754144,17961.84558351564,17954.17856083923,17955.53786140666,3490,17961.18221223708,85929,397000,311400,16050,19350,-25101.0,708400,-19100.0,-0.0009002912944422,-0.0009006968000484,0.0038662716572955,29.642204935010348,17969.026652659246,17969.645890090316,0.000818313899632,0.784382871536524,708400,-19100.0,-3300,0.0015065206577983,2,SIDEWAYS,,,,802,,,False
2025-10-27 01:53:46.418223,17962.14042042612,17969.382548242425,17946.89352995788,17949.5203117533,4720,17960.117546206304,115624,413600,315400,18900,17450,29695.0,729000,20600.0,-0.0003351361401596,-0.0003351923108265,0.0037886712939456,29.131263031405663,17962.524539023932,17967.130192798188,0.0018220870020058,0.7625725338491296,729000,20600.0,1450,0.0015057389683821,2,SIDEWAYS,,,,803,,,False
2025-10-27 01:58:46.418223,17949.425519265576,17950.104859609477,17943.407537273048,17948.955204374317,3450,17942.859890209627,75647,400900,323800,17800,17900,-39977.0,724700,-4300.0,-3.148314657808182e-05,-3.148364218397148e-05,0.0037889984399344,27.52883869605021,17958.00142747406,17964.858319245206,0.0017039365541733,0.8076827138937391,724700,-4300.0,-100,0.0015023629456682,2,SIDEWAYS,,,,804,,,False
2025-10-27 02:03:46.418223,17983.44736739123,18004.940099473373,17975.368198417334,17998.77021332126,1840,18003.81777627144,123452,396900,317000,18450,19500,47805.0,713900,-10800.0,0.0027753709550069,0.0027715267241745,0.004075268564835,29.56141415340779,17971.59102275646,17969.09730600471,0.0049966900085391,0.798689846308894,713900,-10800.0,-1050,0.0015377519142033,2,SIDEWAYS,,,,805,,,False
2025-10-27 02:08:46.418223,17959.51096098349,17971.98050637039,17952.095184612037,17970.707743699644,3300,17965.242603623727,141032,403700,324900,17050,18000,17580.0,728600,14700.0,-0.0015591326123406,-0.0015603493244338,0.0040929664163787,30.78381519310879,17971.29659640419,17969.298610716578,0.0017736343666272,0.8048055486747585,728600,14700.0,-950,0.0015139270328234,2,SIDEWAYS,,,,806,,,False
2025-10-27 02:13:46.418223,17954.657027137513,17965.127918694536,17937.52520791096,17954.100396776277,1080,17969.463241508798,102162,403500,324200,18900,19350,-38870.0,727700,-900.0,-0.0009241342722959,-0.0009245615476327,0.0040946661776,30.955152378507066,17965.564529861553,17967.39883397404,0.00175233884331,0.8034696406443619,727700,-900.0,-450,0.0015111253780697,2,SIDEWAYS,,,,807,,,False
2025-10-27 02:18:46.418223,17942.997530599132,17956.2993702937,17925.652396009635,17951.533456613502,4460,17957.935246671666,131383,400400,308200,19750,16250,29221.0,708600,-19100.0,-0.0001429723631953,-0.0001429825847178,0.0040203315368987,30.933139657475387,17960.88750544554,17965.415661803974,0.0028915104741051,0.7697302697302697,708600,-19100.0,3500,0.0014700744738066,2,SIDEWAYS,,,,808,,,False
2025-10-27 02:23:46.418223,17982.164326915157,18001.748803860235,17976.56098769002,17978.869032181545,4080,17984.552641660055,136568,398100,315800,18950,17050,5185.0,713900,5300.0,0.0015227432037552,0.001521585005932,0.0040766861265026,32.310440199565186,17966.881347690876,17967.09733310117,0.0035043790141382,0.7932680231097714,713900,5300.0,1900,0.0014656578893719,2,SIDEWAYS,,,,809,,,False
2025-10-27 02:28:46.418223,17987.6467045542,17992.408636894852,17972.21890804972,17972.322384487317,3910,17965.81618436506,93581,388900,332200,16350,17200,-42987.0,721100,7200.0,-0.0003641301175568,-0.0003641964290252,0.0040608532974845,31.44467510282001,17968.695026623023,17967.750464524437,0.0022693783922649,0.8542041655952687,721100,7200.0,-850,0.0014576574679132,2,SIDEWAYS,,,,810,,,False
2025-10-27 02:33:46.418223,18015.689099651667,18020.75008594417,17998.081921784506,18007.361653738993,2900,18008.23775607645,100957,401500,313800,19700,19250,7376.0,715300,-5800.0,0.0019496238995757,0.0019477258494884,0.0040355861907622,32.65774841382246,17981.583902328348,17972.70186317626,0.0021133794076362,0.7815691158156911,715300,-5800.0,450,0.0014517588674551,2,SIDEWAYS,,,,811,,,False
2025-10-27 02:38:46.418223,17975.768460970445,17994.127331847794,17965.928538776716,17989.815524286925,4170,17990.716115723728,83717,397800,319200,19100,18800,-17240.0,717000,1700.0,-0.0009743864642395,-0.0009748614873252,0.0040717703150655,33.284560310140684,17984.32777631454,17974.84107081509,0.0006760715926787,0.8024132730015083,717000,1700.0,300,0.0013653184520852,2,SIDEWAYS,,,,812,,,False
2025-10-27 02:43:46.418223,17983.15038458953,18006.751624517936,17973.440612770366,17980.686755192095,3910,17993.81151773773,85007,397300,324700,19200,17050,1290.0,722000,5000.0,-0.0005074409508261,-0.000507569742556,0.0040687201611652,33.28644969852848,17983.11410260706,17975.571781362218,-0.0004154854017963,0.8172665492071483,722000,5000.0,2150,0.0013683748948743,2,SIDEWAYS,,,,813,,,False
2025-10-27 02:48:46.418223,18007.344022548055,18030.2944699189,18000.41232024352,18005.152673024964,1470,18012.692517439256,104657,393400,323700,16150,17900,19650.0,717100,-4900.0,0.0013606776073669,0.0013597527244737,0.0040903083696973,34.45225434340532,17990.460292746364,17979.26939282006,-0.0002089873867905,0.8228266395526183,717100,-4900.0,-1750,0.0013742776456471,2,SIDEWAYS,,,,814,,,False
2025-10-27 02:53:46.418223,18009.746830436863,18014.528653201563,17995.141039346443,18007.04682543436,1110,18001.718936267633,67283,402100,319300,16150,17850,-37374.0,721400,4300.0,0.0001052005747352,0.0001051950415433,0.0040536655558659,33.376208594242115,17995.989136975695,17982.741571896848,0.0008325652902823,0.7940810743596121,721400,4300.0,-1700,0.0013622460185712,2,SIDEWAYS,,,,815,,,False
2025-10-27 02:58:46.418223,18038.733778071783,18057.25193750883,18035.044271311508,18055.907884579985,3130,18062.062252982923,116695,392600,325200,18500,18600,49412.0,717800,-3600.0,0.0027134410000315,0.0027097662649513,0.0042086803693466,34.57827312854404,18015.96205284379,17991.88736098224,0.0051886239977536,0.8283239938869078,717800,-3600.0,-100,0.0013952784170674,2,SIDEWAYS,,,,816,,,False
2025-10-27 03:03:46.418223,18024.92261233957,18050.233994757284,18018.914654334305,18039.576504149696,1620,18035.050892409952,103345,408700,303100,16950,19900,-13350.0,711800,-6000.0,-0.0009044895739768,-0.0009048988714948,0.0042525515815747,34.75077006548232,18023.833536612427,17997.848503878173,0.0040001768186384,0.7416197700024468,711800,-6000.0,-2950,0.0013960903812185,2,SIDEWAYS,,,,817,,,False
2025-10-27 03:08:46.418223,18063.248617594767,18104.478292465687,18051.05659638879,18083.287807087057,4780,18078.06535425024,113626,417500,313800,16950,17000,10281.0,731300,19500.0,0.0024230781098051,0.0024201471896532,0.0044099527664755,36.9044142262329,18043.65162677064,18008.528416779285,0.0052302380042641,0.7516167664670659,731300,19500.0,-50,0.001423641722741,2,SIDEWAYS,,,,818,,,False
2025-10-27 03:13:46.418223,18125.82574696135,18133.71724793613,18120.25923412688,18124.38433407655,1950,18130.474609776487,96359,397500,319300,19250,18150,-17267.0,716800,-14500.0,0.0022726247255426,0.0022700462198823,0.0045575203758403,37.870487556435656,18070.56252920594,18023.010406441445,0.0078321965350758,0.8032704402515723,716800,-14500.0,1100,0.0013579261254086,2,SIDEWAYS,,,,819,,,False
2025-10-27 03:18:46.418223,18116.144468817267,18127.417944715544,18103.940945513725,18118.8222567906,2650,18126.494323093964,113450,410600,316300,17000,18750,17091.0,726900,10100.0,-0.0003068836537244,-0.0003069307521474,0.00442489536549,36.84238124539162,18086.649105067496,18034.98688773509,0.0092257502636776,0.7703360935216756,726900,10100.0,-1750,0.001359703892479,2,SIDEWAYS,,,,820,,,False
2025-10-27 03:23:46.418223,18104.22337218749,18105.406392885205,18082.364687905883,18090.49455444226,3050,18096.60237714984,104952,397400,335000,16700,18100,-8498.0,732400,5500.0,-0.0015634406004355,-0.0015646640490505,0.0043773607301513,36.81489464820066,18087.93092152576,18041.925346073487,0.0095349896056307,0.8429793658782083,732400,5500.0,-1400,0.0013765250541247,2,SIDEWAYS,,,,821,,,False
2025-10-27 03:28:46.418223,18143.916459838405,18158.600011113143,18138.91765608406,18157.31514726048,3650,18171.18506227637,110144,388000,316800,18650,18350,5192.0,704800,-27600.0,0.003693685245427,0.0036868803417142,0.0045758314499872,39.04993479267807,18111.058996770666,18056.349071221863,0.0104543611264615,0.8164948453608247,704800,-27600.0,300,0.0014323248127291,2,SIDEWAYS,,,,822,,,False
2025-10-27 03:33:46.418223,18187.138736833287,18191.465415708524,18169.853376950305,18176.519452476816,3650,18182.16554766222,118034,400700,330000,16100,16300,7890.0,730700,25900.0,0.0010576621631879,0.0010571032326343,0.004513630251543,38.6999586252042,18132.87914867272,18071.37036887873,0.0126151180637419,0.8235587721487397,730700,25900.0,-200,0.0014351906694274,2,SIDEWAYS,,,,823,,,False
2025-10-27 03:38:46.418223,18173.062066855942,18182.53911060521,18170.3286024708,18175.031804743365,4110,18179.59425140059,74701,396200,323700,16950,19900,-43333.0,719900,-10800.0,-8.184447728509792e-05,-8.184782672771007e-05,0.004409181666198,36.80785501871882,18146.9300340296,18084.32804836181,0.0103993191753595,0.8170116102978294,719900,-10800.0,-2950,0.0013939373530172,2,SIDEWAYS,,,,824,,,False
2025-10-27 03:43:46.418223,18161.79317111438,18168.031875106568,18137.059338490275,18151.82868033788,3070,18148.83720757441,85938,395100,317700,19500,16850,11237.0,712800,-7100.0,-0.0012766483522427,-0.0012774639619888,0.0044836381906692,36.8910415354596,18148.56291613236,18092.76562735881,0.0095700454636151,0.8041002277904328,712800,-7100.0,2650,0.0014006495080614,2,SIDEWAYS,,,,825,,,False
2025-10-27 03:48:46.418223,18154.29976465297,18166.55896356578,18147.2576937988,18148.95453220593,2430,18157.253760610394,146296,406300,320400,16800,17900,60358.0,726700,13900.0,-0.0001583393156999,-0.0001583518526917,0.0044852308156875,35.634629266282495,18148.69345482355,18099.789240464703,0.0095225994783438,0.7885798670932809,726700,13900.0,-1100,0.0013697812353388,2,SIDEWAYS,,,,826,,,False
2025-10-27 03:53:46.418223,18117.90649821165,18118.593814136355,18109.920874957283,18110.321776991543,3960,18104.971385315683,104145,393500,313800,17700,18900,-42151.0,707300,-19400.0,-0.0021286490715393,-0.0021309178651911,0.0046505903847028,35.87741697930864,18135.902895546216,18101.10580753056,0.0060038075278205,0.7974587039390089,707300,-19400.0,-1200,0.0014004607419432,2,SIDEWAYS,,,,827,,,False
2025-10-27 03:58:46.418223,18093.138547038085,18108.379008978314,18081.04678537085,18087.639361382724,630,18102.22000141023,65664,404500,322700,17200,17250,-38481.0,727200,19900.0,-0.0012524579015286,-0.0012532428824307,0.0046937236397154,35.40581516797889,18119.81505082505,18099.42250176208,0.0054992164963389,0.7977750309023486,727200,19900.0,-50,0.0014105225843516,2,SIDEWAYS,,,,828,,,False
2025-10-27 04:03:46.418223,18066.08763338896,18067.81219071688,18059.51080019805,18061.21771438884,3530,18069.54825929784,65775,399200,327700,18250,17050,111.0,726900,-300.0,-0.0014607570654185,-0.0014618250111535,0.004739470492567,34.88601131202843,18100.28260534632,18094.64690334042,0.0050419934660264,0.8208917835671342,726900,-300.0,1200,0.0014178313986072,2,SIDEWAYS,,,,829,,,False
2025-10-27 04:08:46.418223,18045.47341694845,18045.801218459284,18038.900224678728,18040.526531966378,1520,18059.23346122405,98500,398100,323000,16250,18200,32725.0,721100,-5800.0,-0.0011456139198177,-0.0011462706370561,0.0047984104015469,33.988259769034435,18080.36391421968,18087.881856918662,0.0037486264092074,0.8113539311730721,721100,-5800.0,-1950,0.0014117264324194,2,SIDEWAYS,,,,830,,,False
2025-10-27 04:13:46.418223,18044.71502979928,18053.5599214508,18037.36299803231,18052.233666280645,2940,18057.95258561056,89539,401500,322000,16250,18300,-8961.0,723500,2400.0,0.000648935289861,0.0006487248224047,0.0048059461498297,32.71745002970989,18070.987164906663,18083.42583308892,0.0044801518439554,0.8019925280199253,723500,2400.0,-2050,0.0014132324733051,2,SIDEWAYS,,,,831,,,False
2025-10-27 04:18:46.418223,18051.23616214984,18055.948722288915,18027.94727133453,18041.26409254767,2940,18049.85263304132,83872,395500,320200,17850,16650,-5667.0,715700,-7800.0,-0.0006076574198939,-0.0006078421184891,0.0047872860062624,32.38059295290086,18061.07947412033,18078.155615521257,0.004774361637212,0.8096080910240202,715700,-7800.0,1200,0.0013825499474476,2,SIDEWAYS,,,,832,,,False
2025-10-27 04:23:46.418223,18093.44863006936,18123.28238452575,18077.114095946563,18095.4438075596,3610,18097.55823604737,135862,404700,323600,16900,19100,51990.0,728300,12600.0,0.0030030997126366,0.002998599416335,0.0050423602943863,35.926142883270934,18072.534251933423,18080.31663952605,0.0081296599169145,0.7996046454163578,728300,12600.0,-2200,0.0014193425521618,2,SIDEWAYS,,,,833,,,False
2025-10-27 04:28:46.418223,18066.554071434475,18089.850019710488,18060.83354365367,18077.55623387544,3170,18080.937028367065,92617,411600,329500,18500,19700,-43245.0,741100,12800.0,-0.0009885125711417,-0.0009890014719093,0.0050909625726302,35.83215152774671,18074.20824591409,18079.971588819724,0.0071648197923954,0.8005344995140914,741100,12800.0,-1200,0.001427124373532,2,SIDEWAYS,,,,834,,,False
2025-10-27 04:33:46.418223,18093.429677854183,18104.688698957376,18087.9118002428,18088.78693668806,2730,18086.69840222537,116419,409000,315000,17450,18650,23802.0,724000,-17100.0,0.00062125116179,0.0006210582651746,0.0048739301607918,35.210745353046015,18079.067809505417,18081.073507303267,0.0050012707701649,0.7701711491442543,724000,-17100.0,-1200,0.0014257616304832,2,SIDEWAYS,,,,835,,,False
2025-10-27 04:38:46.418223,18087.80379881616,18089.90983495435,18072.17235698102,18081.311010796508,2690,18077.07433190033,105002,402500,319800,19400,19150,-11417.0,722300,-1700.0,-0.0004132906157675,-0.0004133760438733,0.0047801875728194,33.96265482592337,18079.81554326912,18081.10319523992,0.0061546416910396,0.7945341614906832,722300,-1700.0,250,0.0014141701828399,2,SIDEWAYS,,,,836,,,False
2025-10-27 04:43:46.418223,18086.64267931088,18092.141074237945,18052.647269487345,18084.557971048667,3600,18089.202977865232,94102,400400,317900,16950,18850,-10900.0,718300,-4000.0,0.0001795754882054,0.0001795593664581,0.0047336763866093,34.35773696340029,18081.39635252897,18081.53504221601,0.0072661715925246,0.7939560439560439,718300,-4000.0,-1900,0.0014076309297912,2,SIDEWAYS,,,,837,,,False
2025-10-27 04:48:46.418223,18105.14082734253,18125.009439110465,18093.87502612605,18115.820372859995,4610,18119.17624250037,77165,392500,315800,17950,16350,-16937.0,708300,-10000.0,0.0017286793440776,0.001727186897666,0.0048022656915811,34.79300347042867,18092.871025972643,18085.820708546515,0.0091516926196613,0.8045859872611465,708300,-10000.0,1600,0.0014094014238354,2,SIDEWAYS,,,,838,,,False
2025-10-27 04:53:46.418223,18074.856674451283,18088.722888965098,18070.791393243097,18076.61090825573,4150,18074.39124297336,115384,396000,326100,19400,19500,38219.0,722100,13800.0,-0.0021643769808518,-0.0021667226298998,0.0049460899018571,35.52414462374792,18087.450986733675,18084.66948351017,0.0054364863495712,0.8234848484848485,722100,13800.0,-100,0.0014387880317013,2,SIDEWAYS,,,,839,,,False
2025-10-27 04:58:46.418223,18085.40850384926,18089.31691155654,18074.208403433982,18080.60489008873,2660,18079.34612700621,53112,399500,317600,18250,19300,-62272.0,717100,-5000.0,0.0002209474913892,0.0002209230860881,0.0049356434345103,34.06588487366288,18085.168954518693,18084.16140933249,0.0060249590055692,0.7949937421777221,717100,-5000.0,-1050,0.0014357331264216,2,SIDEWAYS,,,,840,,,False
2025-10-27 05:03:46.418223,18090.10550203504,18100.646803134696,18085.2321153084,18094.48219187001,530,18098.277346608986,117413,405800,317600,16700,16050,64301.0,723400,6300.0,0.0007675241987556,0.000767229802685,0.0048399822314997,33.064172600256015,18088.273366969133,18085.451507149675,0.0048380512262844,0.7826515524889108,723400,6300.0,650,0.0014149421006011,2,SIDEWAYS,,,,841,,,False
2025-10-27 05:08:46.418223,18103.654217243,18112.4148110837,18087.160817634394,18093.67645927949,850,18091.36161719,103025,400000,327400,17850,16450,-14388.0,727400,4000.0,-4.4529187515851554e-05,-4.453017896999256e-05,0.0047953948563647,32.50630266090251,18090.07439773925,18086.479626165903,0.0057733185119295,0.8185,727400,4000.0,1400,0.0014143580167432,2,SIDEWAYS,,,,842,,,False
2025-10-27 05:13:46.418223,18111.6895502144,18126.862439612287,18101.49579355567,18117.859836177013,2270,18123.42190181261,112371,395100,328600,17550,19250,9346.0,723700,-3700.0,0.0013365651227348,0.0013356727146582,0.0048200957051753,32.554851066037834,18099.33621055184,18090.402152417293,0.0076289122241288,0.8316881802075424,723700,-3700.0,-1700,0.0014219622822741,2,SIDEWAYS,,,,843,,,False
2025-10-27 05:18:46.418223,18178.698772645614,18194.90328644276,18178.32346103172,18182.41274722712,4360,18180.255826693283,100155,393700,323500,18150,19350,-12216.0,717200,-6500.0,0.0035629435062309,0.0035566112595173,0.0051419273298907,35.732608151731164,18127.0283894436,18101.903476768523,0.0098449636846305,0.8216916433832868,717200,-6500.0,-1200,0.0014840646145906,2,SIDEWAYS,,,,844,,,False
2025-10-27 05:23:46.418223,18161.498777157907,18169.23908776277,18145.316116912458,18158.70364557181,3060,18163.729182004136,75313,399400,318500,19750,16700,-24842.0,717900,700.0,-0.001303957950186,-0.0013048088431215,0.0052245842715015,35.83003830622632,18137.58680815301,18109.003497868933,0.0084220817332045,0.7974461692538808,717900,700.0,3050,0.0014894338533163,2,SIDEWAYS,,,,845,,,False
2025-10-27 05:28:46.418223,18147.220456975087,18151.53373924253,18131.02409560663,18139.611456296832,660,18136.97733740484,108030,393700,320600,18550,16600,32717.0,714300,-3600.0,-0.001051407063391,-0.0010519601795309,0.0050741139127822,35.247860567580275,18138.261690867617,18112.82949267242,0.004635799664681,0.8143256286512573,714300,-3600.0,1950,0.0014794715235744,2,SIDEWAYS,,,,846,,,False
2025-10-27 05:33:46.418223,18130.44728277939,18136.1806216962,18121.910929059988,18122.40932192034,2480,18119.800516411568,116977,403900,325300,19500,18900,8947.0,729200,14900.0,-0.0009483187894039,-0.000948768728147,0.0050772561750901,33.99447961538484,18132.977567885195,18114.02697132841,0.0045917274028903,0.8053973755880168,729200,14900.0,600,0.0014863209313638,2,SIDEWAYS,,,,847,,,False
2025-10-27 05:38:46.418223,18115.52815598572,18124.66854780282,18111.701839662885,18120.37240524316,3670,18111.15512722713,90417,408400,326400,19900,16700,-26560.0,734800,5600.0,-0.0001123976752205,-0.0001124039923112,0.0048989776209477,32.49249593856698,18128.77584700452,18114.82015056776,0.0020507663513251,0.7992164544564153,734800,5600.0,3200,0.0014801970413432,2,SIDEWAYS,,,,848,,,False
2025-10-27 05:43:46.418223,18098.39750935556,18116.50700757337,18094.17887594889,18109.518798188208,970,18112.269929333223,113147,389600,324000,19200,18300,22730.0,713600,-21200.0,-0.0005989726266228,-0.0005991520823904,0.0047356195295414,32.04256974968855,18122.356830732417,18114.15748152031,-0.0008201953574992,0.8316221765913757,713600,-21200.0,900,0.001482069184115,2,SIDEWAYS,,,,849,,,False
2025-10-27 05:48:46.418223,18130.886560318635,18145.47757862247,18121.78127740428,18125.10908308594,1110,18136.64062965893,105931,392100,317900,16650,17600,-7216.0,710000,-3600.0,0.0008608889651606,0.0008605186127947,0.004759180236792,32.322299084300994,18123.274248183592,18115.52643171601,0.0003469776460212,0.8107625605712828,710000,-3600.0,-950,0.0014658975163524,2,SIDEWAYS,,,,850,,,False
2025-10-27 05:53:46.418223,18169.741946371018,18175.973574796662,18167.129465396025,18173.906330428606,1180,18185.15959949211,109011,401500,317000,19900,19300,3080.0,718500,8500.0,0.0026922457194038,0.0026886281174256,0.0049012856191955,33.64674141475972,18140.15160893193,18122.82391905509,0.0046108068375534,0.7895392278953923,718500,8500.0,600,0.0014770299455434,2,SIDEWAYS,,,,851,,,False
2025-10-27 05:58:46.418223,18154.3746766687,18160.147475083053,18124.87506186173,18135.43034144069,1960,18140.82055859945,82809,402800,325900,19700,19900,-26202.0,728700,10200.0,-0.0021171006545519,-0.002119344880203,0.0046022457352805,34.74563621133945,18138.57785310152,18124.39972185329,-0.0012052886477047,0.8090863952333665,728700,10200.0,-200,0.0014694486024788,2,SIDEWAYS,,,,852,,,False
2025-10-27 06:03:46.418223,18131.90379634785,18139.356697927724,18123.35910475995,18126.60368012289,4080,18119.34752191476,125643,404000,307000,17650,18650,42834.0,711000,-17700.0,-0.0004867081261165,-0.0004868266069628,0.0045624375180681,33.40649027965612,18134.586462108644,18124.67521663699,-0.0027461677954588,0.7599009900990099,711000,-17700.0,-1000,0.0014630063492617,2,SIDEWAYS,,,,853,,,False
2025-10-27 06:08:46.418223,18144.911271084955,18155.973175314582,18136.83080593731,18144.6294902944,4150,18152.85195700764,105920,399000,321700,17150,19550,-19723.0,720700,9700.0,0.0009944394708245,0.0009939453434544,0.0046042861175255,33.11813348765864,18137.934138170564,18127.169500844167,-0.0016727516504829,0.806265664160401,720700,9700.0,-2400,0.0014448443476429,2,SIDEWAYS,,,,854,,,False
2025-10-27 06:13:46.418223,18130.068736894867,18135.230818671746,18113.75306053393,18121.82242545552,2110,18126.67363518146,116634,401200,318000,17150,18850,10714.0,719200,-1500.0,-0.0012569595235371,-0.0012577501597608,0.0046025391792322,32.95801179285934,18132.56356726555,18126.501116420583,-0.0016530706305564,0.7926221335992024,719200,-1500.0,-1700,0.0014541670745171,2,SIDEWAYS,,,,855,,,False
2025-10-27 06:18:46.418223,18147.471030150224,18148.596367417613,18119.83826911465,18138.9734189972,2760,18140.389148678485,92237,404000,319200,16750,19900,-24397.0,723200,4000.0,0.0009464276350918,0.000945980054837,0.0046371760681178,32.658017972152386,18134.700184509435,18128.060154242663,-0.0005499552710332,0.7900990099009901,723200,4000.0,-3150,0.0014575808784075,2,SIDEWAYS,,,,856,,,False
2025-10-27 06:23:46.418223,18153.17721124444,18162.83669843219,18134.963593406428,18147.116050931123,4820,18157.318538113075,119645,400000,307600,19100,19550,27408.0,707600,-15600.0,0.0004489025782128,0.0004488018515935,0.0044721588744642,32.31623847598171,18138.83880665,18130.44214132872,0.0020316742238299,0.769,707600,-15600.0,-450,0.0014494606125178,2,SIDEWAYS,,,,857,,,False
2025-10-27 06:28:46.418223,18112.131858715,18114.86714358826,18105.914518503378,18114.777975326804,4800,18121.74552407916,91561,404500,320600,19050,16700,-28084.0,725100,17500.0,-0.001781995305125,-0.00178358494753,0.0045346684531321,32.95090232967912,18130.818529542263,18128.48412057848,0.0015003955685903,0.7925834363411619,725100,17500.0,2350,0.0014661698492462,2,SIDEWAYS,,,,858,,,False
2025-10-27 06:33:46.418223,18154.40516326146,18169.732066913693,18142.145528796595,18152.70473981197,3960,18167.01750694184,82164,403200,318900,17000,19250,-9397.0,722100,-3000.0,0.0020936919313514,0.0020915032128687,0.0045885777740929,34.52255870519413,18138.1139329655,18131.511697982667,0.0050653852287181,0.7909226190476191,722100,-3000.0,-2250,0.0014804296347407,2,SIDEWAYS,,,,859,,,False
2025-10-27 06:38:46.418223,18203.55776352601,18213.752187502418,18173.468853031714,18183.18587775403,2790,18179.15481727118,135436,384000,315500,18550,18350,53272.0,699500,-22600.0,0.0016791513098988,0.0016777431115038,0.0045989737499686,36.41719363271235,18153.13791456168,18137.970970454087,0.0079077151952782,0.8216145833333334,699500,-22600.0,200,0.0014931926046143,2,SIDEWAYS,,,,860,,,False
2025-10-27 06:43:46.418223,18187.014918993893,18193.11585543476,18156.04846840911,18167.73031633655,4190,18164.128943649142,52546,392400,317600,17800,16300,-82890.0,710000,10500.0,-0.0008499919387827,-0.0008503533867632,0.0046359453239894,36.46363601792222,18158.00204848664,18141.690888689394,0.0063979146398729,0.8093781855249745,710000,10500.0,1500,0.0014988870220474,2,SIDEWAYS,,,,861,,,False
2025-10-27 06:48:46.418223,18176.623058090176,18182.110494436747,18161.21885941684,18171.10767829768,2270,18168.42391771448,159797,406300,315600,16650,17850,107251.0,721900,11900.0,0.000185898948428,0.0001858816713582,0.0046107088559729,35.3513502323497,18162.37059175699,18145.36798739043,0.0071970337047306,0.776765936500123,721900,11900.0,-1200,0.0014921478121234,2,SIDEWAYS,,,,862,,,False
2025-10-27 06:53:46.418223,18184.60067565325,18192.32597618323,18161.319813730897,18188.76209955425,3940,18190.8445954388,114034,407200,324700,19250,17200,-45763.0,731900,10000.0,0.0009715654966733,0.0009710938323941,0.0043393620050528,35.040979676634244,18171.16776102274,18150.792251410905,0.0051570048785243,0.7973968565815324,731900,10000.0,2050,0.0014937518354496,2,SIDEWAYS,,,,863,,,False
2025-10-27 06:58:46.418223,18193.907847381648,18203.1664024065,18153.00771106056,18168.91392242226,4590,18181.204314704155,93703,403800,321300,19700,19450,-20331.0,725100,-6800.0,-0.0010912329834956,-0.0010918288117061,0.0043490020926701,36.12081622444177,18170.41648148925,18153.057460287324,0.0050536525714479,0.7956909361069836,725100,-6800.0,250,0.0015030292757425,2,SIDEWAYS,,,,864,,,False
2025-10-27 07:03:46.418223,18212.071087458266,18221.426660716214,18207.23358972276,18207.52052671196,1050,18207.75580870559,106521,397100,314900,19400,17250,12818.0,712000,-13100.0,0.0021248713299286,0.002122616983744,0.0044838799362953,37.29166780083547,18182.784496563487,18159.8653435904,0.0065639332498896,0.7929992445227902,712000,-13100.0,2150,0.0014864775182136,2,SIDEWAYS,,,,865,,,False
2025-10-27 07:08:46.418223,18267.251617039004,18270.660909523634,18260.09493492633,18262.44506603504,1270,18262.798238818454,114046,412100,324200,16400,19750,7525.0,736300,24300.0,0.0030165853303587,0.0030120445662742,0.0047398810291622,39.13800458732423,18209.33801972067,18172.687808895986,0.0100177501028757,0.7867022567338025,736300,24300.0,-3350,0.0015120928659514,2,SIDEWAYS,,,,866,,,False
2025-10-27 07:13:46.418223,18262.58637608906,18281.15306808161,18256.825932627125,18275.26369538592,3190,18281.20658416188,93350,398900,330200,19250,18550,-20696.0,729100,-7200.0,0.0007019120005304,0.0007016657755141,0.0047435735728838,38.08008536355,18231.313244942423,18185.509794707225,0.0105452245303727,0.827776385058912,729100,-7200.0,700,0.0015049047914602,2,SIDEWAYS,,,,867,,,False
2025-10-27 07:18:46.418223,18240.91341366101,18249.37943830221,18233.45934380359,18237.40183889609,2550,18245.662408678098,140704,400900,328800,16550,16700,47354.0,729700,600.0,-0.0020717543188931,-0.0020739033705901,0.00486595722479,38.346104379176886,18233.34277626032,18191.996300230832,0.0067113419946602,0.8201546520329259,729700,600.0,-150,0.0015347899221297,2,SIDEWAYS,,,,868,,,False
2025-10-27 07:23:46.418223,18203.394397568107,18211.40039426115,18196.86682507128,18206.88024733769,3300,18198.304124378377,129511,403100,328400,16600,16550,-11193.0,731500,1800.0,-0.0016735712591091,-0.0016749732439222,0.0047922074434976,38.50245505386499,18224.521933286105,18193.85679361919,0.007206513419087,0.8146861820888117,731500,1800.0,50,0.0015458125724654,2,SIDEWAYS,,,,869,,,False
2025-10-27 07:28:46.418223,18183.62905824845,18195.40142187061,18165.15127476588,18184.913341967043,2770,18194.22246211259,154536,398900,326900,18400,17200,25025.0,725800,-5700.0,-0.0012065167163307,-0.0012072451435898,0.0048627687789397,38.73292059086088,18211.319069513083,18192.73886216267,0.0057690797687577,0.8195036349962397,725800,-5700.0,1200,0.0015549252483036,2,SIDEWAYS,,,,870,,,False
2025-10-27 07:33:46.418223,18182.907355981635,18185.34244400824,18151.535345539058,18163.53740952259,4370,18163.59980323924,75571,386900,316500,17500,19900,-78965.0,703400,-22400.0,-0.0011754761786586,-0.0011761675926624,0.0049114592702323,38.38107615359824,18195.39184951625,18189.08868058266,0.0038163688200816,0.8180408374256914,703400,-22400.0,-2400,0.0015475587678846,2,SIDEWAYS,,,,871,,,False
2025-10-27 07:38:46.418223,18232.101030835714,18246.61431663648,18231.9087482808,18239.10404662884,2880,18242.191426933707,104306,404700,325700,16100,17650,28735.0,730400,27000.0,0.0041603480314706,0.0041517177120748,0.0054190855298809,41.57363550790501,18209.96258188712,18195.34060133843,0.0080374813640908,0.8047936743266617,730400,27000.0,-1550,0.0016243592785338,2,SIDEWAYS,,,,872,,,False
2025-10-27 07:43:46.418223,18218.132992952145,18224.81636021449,18207.83002629197,18220.095054043457,3370,18231.49134524733,72259,403900,313600,17050,18200,-32047.0,717500,-12900.0,-0.0010422108748755,-0.0010427543542768,0.0054309991163282,40.83794870997396,18213.340072605897,18198.43490792656,0.0056427866641459,0.7764298093587522,717500,-12900.0,-1150,0.001629934411871,2,SIDEWAYS,,,,873,,,False
2025-10-27 07:48:46.418223,18224.43176090224,18241.142485286822,18223.818714118057,18229.06321447222,1310,18231.52535789894,78170,406200,321700,17100,16800,5911.0,727900,10400.0,0.00049221260384,0.0004920915069526,0.0050598133265044,39.42434031950192,18218.581119894672,18202.263446244768,0.0025656917975427,0.791974396848843,727900,10400.0,300,0.0016234912832019,2,SIDEWAYS,,,,874,,,False
2025-10-27 07:53:46.418223,18224.16506024816,18267.492801833447,18214.37266016493,18259.941262262084,3830,18255.20169079854,93474,404700,321300,17300,18900,15304.0,726000,-1900.0,0.0016938910917458,0.0016924580762509,0.00507145359879,40.40261184443164,18232.367834017143,18209.473173246934,0.0055751566117419,0.7939214232765011,726000,-1900.0,-1600,0.001634714300578,2,SIDEWAYS,,,,875,,,False
2025-10-27 07:58:46.418223,18256.862812731208,18258.304870404565,18230.703908620115,18237.83813071988,2990,18233.421444456504,93836,396400,326800,17300,16350,362.0,723200,-2800.0,-0.0012104711195257,-0.0012112043314402,0.0050853228643176,39.605093401398605,18234.19126625139,18213.01879293105,0.0054150373981107,0.8244197780020182,723200,-2800.0,950,0.0016122197625411,2,SIDEWAYS,,,,876,,,False
2025-10-27 08:03:46.418223,18326.37817869707,18353.84678506097,18318.56046366993,18342.1819002206,2420,18345.69014397489,107398,405500,321900,18750,16600,13562.0,727400,4200.0,0.0057212795043379,0.0057049751430682,0.0059336353619012,45.06249061137662,18270.18814424113,18229.164181342247,0.0121271170072529,0.7938347718865598,727400,4200.0,2150,0.001757052199141,1,TRANSITION,,,,877,,,False
2025-10-27 08:08:46.418223,18311.97375349983,18313.90929769738,18307.07628480579,18309.34188778445,1550,18311.167156686603,97786,401000,325500,18500,16150,-9612.0,726500,-900.0,-0.001790409266182,-0.0017920139645166,0.006058639680696,44.35128524019329,18283.2393920889,18239.18639464752,0.0104285650600983,0.8117206982543641,726500,-900.0,2350,0.0017541278588,1,TRANSITION,,,,878,,,False
2025-10-27 08:13:46.418223,18298.71777019957,18311.070675186034,18298.62934694056,18301.34664546402,2380,18305.333446546087,115999,394000,321800,17500,16700,18213.0,715800,-10700.0,-0.0004366755708332,-0.0004367709413752,0.0060508190749502,42.0720025977133,18289.27514321394,18246.956425999582,0.0105926529254329,0.816751269035533,715800,-10700.0,800,0.0017348734458267,0,TRENDED_UP,,,,879,,,False
2025-10-27 08:18:46.418223,18327.58370903769,18331.02593776432,18319.112184690523,18327.16664429492,3250,18328.62579109508,106378,410500,316200,18550,18000,-9621.0,726700,10900.0,0.001410825079219,0.0014098308005756,0.0060744444457475,41.18680900504102,18301.905643574268,18256.9827032865,0.0111479362845621,0.7702801461632156,726700,10900.0,550,0.0017411550633518,1,TRANSITION,,,,880,,,False
2025-10-27 08:23:46.418223,18346.52289877625,18358.91702157165,18338.223454867668,18342.631267973666,1230,18353.131104715536,132950,404600,314000,18050,18700,26572.0,718600,-8100.0,0.0008438087555426,0.0008434529490752,0.005926744086326,40.51277816730455,18315.4808517074,18267.6887738724,0.0092839114760134,0.7760751359367276,718600,-8100.0,-650,0.0017277126930926,0,TRENDED_UP,,,,881,,,False
2025-10-27 08:28:46.418223,18397.59831485381,18409.49001913381,18379.05368229123,18392.35653619366,590,18396.17166587243,116576,404100,323600,16750,18550,-16374.0,727700,9100.0,0.0027109124908821,0.0027072445950171,0.0059007795370609,42.39463338107877,18341.10607986949,18283.27224416256,0.0141670856393121,0.8007918831972284,727700,9100.0,-1800,0.0016988857289432,1,TRANSITION,,,,882,,,False
2025-10-27 08:33:46.418223,18413.903826531543,18432.25802948931,18409.66992441654,18416.937597614964,1720,18410.880390285856,76420,395800,311200,16550,18600,-40156.0,707000,-20700.0,0.0013364824335007,0.0013355901357918,0.00589298793233,42.2165519464052,18366.38325245132,18299.980413344107,0.0160170058669315,0.786255684689237,707000,-20700.0,-2050,0.0017016054146905,0,TRENDED_UP,,,,883,,,False
2025-10-27 08:38:46.418223,18404.16658598768,18406.97545866264,18386.25488950404,18390.205427260968,2650,18398.38833118397,97090,394600,322200,17000,17200,20670.0,716800,9800.0,-0.0014514992089378,-0.0014525536543903,0.0059924919543185,41.39270595815642,18374.323977387867,18311.258540083712,0.0135343594146095,0.8165230613279271,716800,9800.0,-200,0.0017148626125703,1,TRANSITION,,,,884,,,False
2025-10-27 08:43:46.418223,18420.663781995587,18432.988968088022,18408.68013382567,18427.57686523893,3390,18441.800766916826,98439,394500,318600,18550,16450,1349.0,713100,-3700.0,0.0020321381468944,0.0020300761472107,0.005970894970825,41.49205130593487,18392.074940004888,18325.79833072812,0.0168721684058619,0.8076045627376426,713100,-3700.0,2100,0.0017198435168038,0,TRENDED_UP,,,,885,,,False
2025-10-27 08:48:46.418223,18451.50836762616,18464.55531191817,18443.71181328612,18447.668660354007,4940,18452.21562870793,108798,395100,318400,18850,19500,10359.0,713500,400.0,0.0010903112906275,0.0010897173329649,0.0059746022135736,41.16965097545672,18410.606180121264,18341.032121931352,0.017018341348552,0.8058719311566692,713500,400.0,-650,0.0017223508369389,1,TRANSITION,,,,886,,,False
2025-10-27 08:53:46.418223,18474.41579140587,18478.548462213854,18455.070361364124,18463.977105984595,4600,18468.95804278176,121505,393000,325700,17000,18450,12707.0,718700,5200.0,0.0008840382994104,0.0008836477677007,0.0059769647632789,40.43466175291312,18428.39648874237,18356.40024493801,0.0174606837893238,0.8287531806615777,718700,5200.0,-1450,0.0016948135420163,1,TRANSITION,,,,887,,,False
2025-10-27 08:58:46.418223,18488.663413739177,18493.29698809439,18472.488535141594,18484.503345607507,890,18483.875510142232,105652,403200,317200,16650,17000,-15853.0,720400,1700.0,0.0011116911326898,0.0011110736616846,0.0058181421360337,39.64074892126176,18447.098774364087,18372.41313252169,0.0204101519093573,0.7867063492063492,720400,1700.0,-350,0.0016850173193098,0,TRENDED_UP,,,,888,,,False
2025-10-27 09:03:46.418223,18518.45435979061,18534.250360582828,18509.56267607727,18530.094589988566,2420,18532.4528183659,111563,401900,314600,16750,16350,5911.0,716500,-3900.0,0.002466457633653,0.0024634209192839,0.0058524140666089,40.36262506798026,18474.76404623892,18392.12331470505,0.0207897310943927,0.7827817865140583,716500,-3900.0,400,0.0016892113354332,1,TRANSITION,,,,889,,,False
2025-10-27 09:08:46.418223,18551.148691869417,18553.361426078736,18529.54544598686,18546.18315146981,1760,18552.690283889337,77315,397700,318900,19250,17050,-34248.0,716600,100.0,0.0008682395766039,0.0008678628746512,0.0058243845010535,39.18072185540142,18498.570414649213,18411.380794300647,0.019963348345896,0.8018606990193613,716600,100.0,2200,0.0016773850345152,0,TRENDED_UP,,,,890,,,False
2025-10-27 09:13:46.418223,18589.83544166587,18605.1650507288,18579.767696034472,18593.167238553862,3380,18603.19894059428,90815,398200,318900,17700,19200,13500.0,717100,500.0,0.0025333561466704,0.0025301526093137,0.0058486852407384,40.59509166994345,18530.102689284096,18434.1040998323,0.0234171751126641,0.8008538422903064,717100,500.0,-1500,0.0016984130944745,1,TRANSITION,,,,891,,,False
2025-10-27 09:18:46.418223,18608.119440815568,18609.4523303196,18584.21914465996,18601.318579973304,1200,18607.527701671843,61757,395200,316300,16150,18600,-29058.0,711500,-5600.0,0.0004384052117025,0.0004383091402164,0.0058419463347432,39.4978126692077,18553.841319513835,18455.00590984993,0.0236755463283857,0.8003542510121457,711500,-5600.0,-2450,0.0016922887906705,0,TRENDED_UP,,,,892,,,False
2025-10-27 09:23:46.418223,18603.641431109947,18620.895234332016,18595.287304779427,18610.69148427434,1860,18624.56412194008,108838,395300,320100,16700,17550,47081.0,715400,3900.0,0.0005038838650464,0.0005037569582011,0.0058428824307099,38.50567816087777,18572.791374434004,18474.46660665298,0.0231972567682563,0.8097647356438148,715400,3900.0,-850,0.0016604440550456,1,TRANSITION,,,,893,,,False
2025-10-27 09:28:46.418223,18607.92207315333,18634.694338737627,18604.500220248257,18614.30001044531,1930,18618.57275723776,116829,395800,332200,18650,16200,7991.0,728000,12600.0,0.0001938953302202,0.0001938765349489,0.0057507117792337,37.9119953271986,18586.62758643777,18491.94578212702,0.0245136330066155,0.8393127842344619,728000,12600.0,2450,0.0016498408732925,1,TRANSITION,,,,894,,,False
2025-10-27 09:33:46.418223,18641.81491874577,18673.36161638788,18635.266670739467,18659.045630609507,4380,18656.49850946049,73620,403700,322100,18950,18850,-43209.0,725800,-2200.0,0.002403830395937,0.0024009458174187,0.0057742794223603,39.42268179972514,18610.76693449502,18512.83326318733,0.0247988243778238,0.7978697052266535,725800,-2200.0,100,0.0016681799039094,1,TRANSITION,,,,895,,,False
2025-10-27 09:38:46.418223,18619.17135484728,18629.620193798422,18605.13347409449,18617.536927254783,4030,18615.15543490977,103168,396500,317400,19600,16200,29548.0,713900,-11900.0,-0.0022245887692471,-0.0022270668426553,0.0058762023653597,40.45764427938879,18613.02359874828,18525.921221195764,0.01944382912232,0.8005044136191677,713900,-11900.0,3400,0.0017014313172649,0,TRENDED_UP,,,,896,,,False
2025-10-27 09:43:46.418223,18629.65708533701,18640.169550564096,18618.74785964363,18635.885490197565,4290,18646.513974000514,97954,395700,320100,17350,16250,-5214.0,715800,1900.0,0.000985552654708,0.0009850673165487,0.0058793947059381,39.18442849581197,18620.644229231373,18539.666754820988,0.0197327820174051,0.8089461713419257,715800,1900.0,1100,0.0017021414376433,1,TRANSITION,,,,897,,,False
2025-10-27 09:48:46.418223,18618.854864111217,18624.826722278354,18605.21678802256,18619.767816754,4560,18629.117371797915,133768,412100,321700,16350,16300,35814.0,733800,18000.0,-0.0008648729598625,-0.0008652471782646,0.0057293513763646,38.57616233003996,18620.35209173892,18549.679387562614,0.0209660334972938,0.7806357680174715,733800,18000.0,50,0.0017033784463172,1,TRANSITION,,,,898,,,False
2025-10-27 09:53:46.418223,18619.8438724558,18631.93766166389,18613.620609417867,18631.9083375843,3480,18626.4420855759,82112,413300,320500,18900,16500,-51656.0,733800,0.0,0.0006520232126299,0.0006518107378497,0.005557008792302,37.12908303832455,18624.20417368738,18559.958006315323,0.0233443667708399,0.7754657633680135,733800,0.0,2400,0.0016682900471807,1,TRANSITION,,,,899,,,False
2025-10-27 09:58:46.418223,18655.77154938189,18667.244759042656,18639.759596504227,18649.066362979127,4190,18651.624036607616,118363,400000,309700,18800,17150,36251.0,709700,-24100.0,0.0009208946868966,0.0009204709235248,0.0054334720067092,37.00103578261252,18632.491570117963,18571.0965508983,0.0255240710958415,0.77425,709700,-24100.0,1650,0.0016687206028684,0,TRENDED_UP,,,,900,,,False
2025-10-27 10:03:46.418223,18661.3065788706,18677.43045634745,18644.937955138,18668.25796514384,3940,18671.02164872767,122861,403700,319400,19850,17000,4498.0,723100,13400.0,0.0010290918478799,0.001028562695863,0.0053020612313711,36.6789975988152,18644.41370179325,18583.24172767899,0.0277875693617168,0.7911815704731237,723100,13400.0,2850,0.0016697283697499,1,TRANSITION,,,,901,,,False
2025-10-27 10:08:46.418223,18662.79310113233,18675.8577162492,18660.094315105554,18660.97630345495,4900,18660.501197657653,96100,404200,321400,16450,17200,-26761.0,725600,2500.0,-0.0003900557675218,-0.00039013185906,0.0049923693549146,35.18502642344595,18649.93456901382,18592.958549650983,0.023130097604991,0.7951509153884215,725600,2500.0,-750,0.0016723039761052,1,TRANSITION,,,,902,,,False
2025-10-27 10:13:46.418223,18624.95007793208,18630.418944498782,18607.53370710256,18624.35232713496,4840,18620.197012196764,105849,394500,319500,18800,19650,9749.0,714000,-11600.0,-0.0019625970112405,-0.0019645254283044,0.0051303042955485,36.48913856122766,18641.4071550542,18596.88277183648,0.0221874403998669,0.8098859315589354,714000,-11600.0,-850,0.0016988998227949,0,TRENDED_UP,,,,903,,,False
2025-10-27 10:18:46.418223,18645.9966130865,18648.769177422804,18621.1330602151,18646.85202134363,3180,18646.2538070282,121549,403900,317700,17950,18300,15700.0,721600,7600.0,0.0012080792831594,0.0012073501425629,0.005135289645234,35.8567798931189,18643.22211048401,18603.128928024875,0.0229188303291265,0.7865808368408022,721600,7600.0,-350,0.0016527568914618,1,TRANSITION,,,,904,,,False
2025-10-27 10:23:46.418223,18664.245541170865,18667.37258072688,18663.338871437903,18666.59947951802,4330,18664.99406668639,78009,395200,320900,17700,18800,-43540.0,716100,-5500.0,0.0010590236975005,0.0010584633274994,0.0051090180652751,34.76133557098519,18651.01456682868,18611.06274696152,0.0222705106996361,0.8119939271255061,716100,-5500.0,-1100,0.0016390495634017,0,TRENDED_UP,,,,905,,,False
2025-10-27 10:28:46.418223,18725.094433876737,18731.91197768161,18713.551860394666,18724.006233972526,4570,18719.96296196912,91456,403000,327500,18700,19550,13447.0,730500,14400.0,0.0030753729150023,0.0030706536289528,0.0051439174526246,36.9435614704571,18675.34512254329,18625.18068283789,0.0266571125244139,0.8126550868486352,730500,14400.0,-850,0.0016608691661868,1,TRANSITION,,,,906,,,False
2025-10-27 10:33:46.418223,18716.638829753705,18735.00956569181,18714.46681399749,18718.6481843044,1880,18727.04760855625,103724,396600,328500,17100,17750,12268.0,725100,-5400.0,-0.0002861593614729,-0.0002862003128747,0.0043206207080728,35.77207505787588,18689.779476463664,18636.864120521208,0.0205246183977312,0.8282904689863843,725100,-5400.0,-650,0.0016530650965073,0,TRENDED_UP,,,,907,,,False
2025-10-27 10:38:46.418223,18722.9797062881,18747.49745334016,18718.30941632237,18737.75324247104,1010,18743.091328026538,141280,406200,321700,17100,16900,37556.0,727900,2800.0,0.0010206430495689,0.0010201225475867,0.0040702184910022,35.30178662644115,18705.770731799457,18649.47526076493,0.0233985119351785,0.791974396848843,727900,2800.0,200,0.0016519604846645,1,TRANSITION,,,,908,,,False
2025-10-27 10:43:46.418223,18730.17212568668,18746.33238102835,18726.96787412258,18739.400946803064,660,18740.53961280021,92004,393900,313800,18750,18100,-49276.0,707700,-20200.0,8.793500003467791e-05,8.793113397764785e-05,0.0040286115393596,34.16340950353615,18716.98080346733,18660.7159715197,0.023935632160031,0.7966488956587966,707700,-20200.0,650,0.0016461716761815,0,TRENDED_UP,,,,909,,,False
2025-10-27 10:48:46.418223,18774.73130392957,18795.42429825948,18772.90004550037,18782.890375897423,2140,18774.97957556056,94626,408700,317900,18500,17650,2622.0,726600,18900.0,0.0023207480974347,0.0023180593207481,0.0041082742020497,35.72483392874192,18738.950660944025,18675.98777206692,0.0248660221433827,0.7778321507218008,726600,18900.0,850,0.0016612194293219,1,TRANSITION,,,,910,,,False
2025-10-27 10:53:46.418223,18772.235495124263,18775.855463850632,18762.916058147737,18767.959747494333,620,18770.0294249294,130941,402000,317500,16250,16600,36315.0,719500,-7100.0,-0.0007949057948104,-0.0007952218999491,0.004210014587847,34.59979705880934,18748.6203564608,18687.484268995344,0.0231879752314103,0.7898009950248757,719500,-7100.0,-350,0.0016475995876854,0,TRENDED_UP,,,,911,,,False
2025-10-27 10:58:46.418223,18780.281728076345,18784.36176912894,18766.502228196223,18771.931631437223,2390,18778.62038393176,113259,404000,323200,16750,18150,-17682.0,727200,7700.0,0.0002116310987623,0.0002116087080619,0.004060342429169,33.40406447837419,18756.390781452938,18698.040189300576,0.0206376542612476,0.8,727200,7700.0,-1400,0.0016110001268465,1,TRANSITION,,,,912,,,False
2025-10-27 11:03:46.418223,18797.60221463797,18808.839619900315,18796.87386112632,18806.580894582552,3890,18806.189469572862,143650,398700,319300,16950,17600,30391.0,718000,-9200.0,0.0018458016908233,0.0018441002921889,0.0040981186886042,33.65434476299688,18773.12081916281,18711.607777460824,0.0211567908563716,0.8008527715073991,718000,-9200.0,-650,0.0016130659198231,0,TRENDED_UP,,,,913,,,False
2025-10-27 11:08:46.418223,18803.052686805248,18823.07538557898,18802.503354502245,18811.288863803267,4020,18808.561420031245,121864,401600,315000,19150,17450,-21786.0,716600,-1400.0,0.000250336265114,0.0002503049362196,0.003908092754845,32.71989378540679,18785.84350070963,18724.067913253628,0.0228971578489329,0.7843625498007968,716600,-1400.0,1700,0.0016129522066308,1,TRANSITION,,,,914,,,False
2025-10-27 11:13:46.418223,18790.653335237148,18811.916575893083,18782.889006111625,18804.48955730965,4110,18807.55644534922,97079,397100,325000,18450,16250,-24785.0,722100,5500.0,-0.000361448199687,-0.0003615135378325,0.0038834019277852,32.45615635655329,18792.05885290964,18734.12061876063,0.0204537305597523,0.8184336439184084,722100,5500.0,2200,0.0015995375066609,1,TRANSITION,,,,915,,,False
2025-10-27 11:18:46.418223,18796.31271050428,18805.424871805502,18780.62069467872,18790.63640614587,4010,18796.28338038298,94234,397800,319400,19950,16000,-2845.0,717200,-4900.0,-0.0007366938156742,-0.0007369653079081,0.0039568082874601,31.9095864115696,18791.584703988385,18741.185092183783,0.0185913869175748,0.8029160382101559,717200,-4900.0,3950,0.0016083899224548,0,TRENDED_UP,,,,916,,,False
2025-10-27 11:23:46.418223,18826.79584227971,18829.87266222833,18824.14987781223,18824.63500944454,3130,18817.105545868748,83508,404100,322100,16700,19150,-10726.0,726200,9000.0,0.0018093375106524,0.0018077026312735,0.0040127066603525,32.43291995949024,18802.60147247377,18751.61633184138,0.0195330562527098,0.7970799307102202,726200,9000.0,-2450,0.0016159426846285,1,TRANSITION,,,,917,,,False
2025-10-27 11:28:46.418223,18798.01713733616,18811.07516800585,18764.65138740612,18782.607611644387,3610,18793.99367986857,73899,396900,315300,17400,16500,-9609.0,712200,-14000.0,-0.0022325743781522,-0.0022350702878899,0.0043236847521186,34.4008272508424,18795.93685219731,18755.490241816755,0.0161272532165555,0.7944066515495087,712200,-14000.0,900,0.0016282858682524,0,TRENDED_UP,,,,918,,,False
2025-10-27 11:33:46.418223,18801.954879202072,18803.794636678347,18787.324111420665,18798.2652671883,2700,18794.98049370943,106816,407400,318600,18500,16500,32917.0,726000,13800.0,0.0008336252275327,0.0008332779550048,0.0041762388451682,33.45698423535078,18796.71299052764,18760.8371199882,0.0144721699016379,0.7820324005891016,726000,13800.0,2000,0.0016168579743932,1,TRANSITION,,,,919,,,False
2025-10-27 11:38:46.418223,18782.40760690741,18801.72708316244,18769.73719149196,18791.76660367678,1530,18793.141506734377,112538,400700,316200,18300,16850,5722.0,716900,-9100.0,-0.0003457054903285,-0.0003457652602456,0.0041955266185606,33.35219190928863,18795.064194910687,18764.70330544927,0.0132417247366345,0.7891190416770651,716900,-9100.0,1450,0.0016147261554413,0,TRENDED_UP,,,,920,,,False
2025-10-27 11:43:46.418223,18816.29474311501,18816.77947841958,18811.676081100053,18811.90588583908,3880,18822.33485486128,114948,388500,328600,16650,18200,2410.0,717100,200.0,0.0010717077636734,0.0010711338948841,0.0040299975556386,32.756526397396506,18800.678091886817,18770.603627998,0.0117644640355654,0.8458172458172458,717100,200.0,-1550,0.0016055369006697,1,TRANSITION,,,,921,,,False
2025-10-27 11:48:46.418223,18773.54045218559,18784.276394849698,18770.527321812133,18779.5524888576,2470,18784.014655444844,97530,393100,321000,16350,18500,-17418.0,714100,-3000.0,-0.0017198362131845,-0.0017213168293395,0.0042056812310532,33.37238622807882,18793.63622421041,18771.722235605444,0.0095817889531866,0.8165861104044773,714100,-3000.0,-2150,0.001632145389406,0,TRENDED_UP,,,,922,,,False
2025-10-27 11:53:46.418223,18757.995214318627,18760.984754004607,18746.8094108958,18756.20848614332,3490,18766.12728367824,138602,394500,329700,18100,19650,41072.0,724200,10100.0,-0.0012430542595797,-0.001243827492372,0.0042968194357045,33.327435637630124,18781.16031152138,18769.78301692268,0.0078190002769076,0.8357414448669201,724200,10100.0,-1550,0.0016474119837778,1,TRANSITION,,,,923,,,False
2025-10-27 11:58:46.418223,18768.799512446763,18781.50632507429,18754.157450835788,18771.84059314341,4930,18784.34458539556,72831,406700,325800,18650,16450,-65771.0,732500,8300.0,0.000833436406491,0.0008330892912198,0.0043089785750176,32.900395537692376,18778.05373872873,18770.04021395027,0.0084634169756423,0.8010818785345464,732500,8300.0,2200,0.0016343403180003,1,TRANSITION,,,,924,,,False
2025-10-27 12:03:46.418223,18813.113942910324,18814.274185875864,18783.9707890619,18802.318118466374,4080,18797.844994141185,70566,397300,320800,17100,19350,-2265.0,718100,-14400.0,0.0016235768235799,0.0016222602475792,0.0042015966247377,33.58133819446104,18786.14186530794,18774.074952014784,0.0076784467272985,0.8074502894538133,718100,-14400.0,-2250,0.0016274112014956,0,TRENDED_UP,,,,925,,,False
2025-10-27 12:08:46.418223,18811.446697200987,18815.155092305733,18799.074020185555,18812.24815371093,4170,18821.10144547975,83607,387400,318500,18250,18350,13041.0,705900,-12200.0,0.0005281282436555,0.0005279888330154,0.0039395543374826,32.3313191891551,18794.843961442275,18778.846602226804,0.0104584847725535,0.8221476510067114,705900,-12200.0,-100,0.0015946137396408,0,TRENDED_UP,,,,926,,,False
2025-10-27 12:13:46.418223,18795.97501813004,18802.137163127387,18755.57662499677,18767.8643596376,2180,18779.08089975647,100119,399200,321300,18300,16500,16512.0,720500,14600.0,-0.0023593030301685,-0.0023620905708607,0.0042103307115212,34.06990558379828,18785.85076084072,18777.47382190316,0.0070819746939019,0.8048597194388778,720500,14600.0,1800,0.0016363697662485,1,TRANSITION,,,,927,,,False
2025-10-27 12:18:46.418223,18849.27568087907,18851.49717399676,18844.90491423505,18847.514252274625,1980,18849.158854999456,78057,407300,321600,18850,17650,-22062.0,728900,8400.0,0.0042439507826113,0.0042349706220967,0.0047340735096585,37.61011335346696,18806.405257985352,18786.228875699588,0.0122314326237571,0.7895899828136509,728900,8400.0,1200,0.0016741393994103,1,TRANSITION,,,,928,,,False
2025-10-27 12:23:46.418223,18808.567176013097,18817.40215476124,18786.92184034518,18793.233743246543,2980,18795.32234416349,126938,396500,325200,18950,18150,48881.0,721700,-7200.0,-0.002879982383965,-0.0028841375129484,0.0050884288635176,39.25170610889384,18802.014753072417,18787.10448414296,0.0086585551377373,0.8201765447667086,721700,-7200.0,800,0.0017082872735758,0,TRENDED_UP,,,,929,,,False
2025-10-27 12:28:46.418223,18746.8222481173,18768.623999425417,18735.06648157044,18758.126530534257,3050,18751.112620455737,85220,393100,319300,19150,17150,-41718.0,712400,-9300.0,-0.0018680772661012,-0.0018698242985042,0.0052188098387546,40.602817220837565,18787.38534555969,18783.482239941863,0.0058480229214921,0.8122615110658865,712400,-9300.0,2000,0.0017217847997465,0,TRENDED_UP,,,,930,,,False
2025-10-27 12:33:46.418223,18759.387234298887,18769.442055436062,18754.181347686004,18766.67907708354,910,18774.829893120364,81649,404900,322300,17000,18400,-3571.0,727200,14800.0,0.0004559382055218,0.0004558342972824,0.0051981834328847,38.79266654435331,18780.483256067644,18781.38184458457,0.005272110130654,0.7959990121017535,727200,14800.0,-1400,0.001707410380197,1,TRANSITION,,,,931,,,False
2025-10-27 12:38:46.418223,18745.452661661977,18763.446098373963,18732.30863815368,18749.82664106249,2510,18739.31810394947,121101,398200,311400,17000,17750,39452.0,709600,-17600.0,-0.0008979977731717,-0.0008984012147177,0.0052248046619001,38.47679314331794,18770.264384399263,18777.437444144314,0.0047612909508432,0.7820190858864892,709600,-17600.0,-750,0.0016500852559346,0,TRENDED_UP,,,,932,,,False
2025-10-27 12:43:46.418223,18716.94660550497,18745.498527945936,18697.37715558007,18731.18090167517,2930,18740.37121218276,104148,398200,324100,16350,18150,-16953.0,722300,12700.0,-0.0009944486284735,-0.0009949434205687,0.0051204513749306,39.47484259611086,18757.23655682457,18771.65537633567,0.0057359618559493,0.8139126067302863,722300,12700.0,-1800,0.0016493585031581,1,TRANSITION,,,,933,,,False
2025-10-27 12:48:46.418223,18737.03194886185,18737.79122927701,18727.931916494297,18728.142009278105,2060,18723.922543518664,115694,401900,314200,16450,16300,11546.0,716100,-6200.0,-0.0001622370961561,-0.0001622502580165,0.0050884200741805,37.359447609439485,18747.53837430908,18766.21620545348,0.0043594483316233,0.7817865140582234,716100,-6200.0,150,0.001651312062558,0,TRENDED_UP,,,,934,,,False
2025-10-27 12:53:46.418223,18744.07279436975,18769.908621441293,18743.529679783114,18760.449145859715,4980,18772.028219088086,99048,394700,327500,17300,18200,-16646.0,722200,6100.0,0.0017250582874481,0.0017235720833479,0.0051424570485088,37.6742450775644,18751.84196482596,18765.49532300426,0.0050276787930587,0.8297441094502154,722200,6100.0,-900,0.0016517136314898,1,TRANSITION,,,,935,,,False
2025-10-27 12:58:46.418223,18728.407088824693,18756.678196817546,18722.9002191387,18737.13632037481,4500,18743.111256450546,105435,399000,318900,19000,18850,6387.0,717900,-4300.0,-0.0012426581743139,-0.0012434309142168,0.0049059775593314,37.66529376638224,18746.940083342244,18761.95044767558,0.0007012434325333,0.7992481203007519,717900,-4300.0,150,0.0016522683571284,0,TRENDED_UP,,,,936,,,False
2025-10-27 13:03:46.418223,18692.66143606296,18706.41958137667,18681.45717973464,18690.45051211551,3350,18699.846020464112,71329,403300,316200,19350,17400,-34106.0,719500,1600.0,-0.0024916191813439,-0.0024947284302001,0.005110341093335,38.95199711451032,18728.110226266668,18753.01295573057,-0.001506394687867,0.7840317381601786,719500,1600.0,1950,0.0015459514581414,2,SIDEWAYS,,,,937,,,False
2025-10-27 13:08:46.418223,18717.327446646694,18740.81989233992,18708.475197469623,18727.95533372161,3310,18727.13442954656,97043,390000,322100,16700,16150,25714.0,712100,-7400.0,0.0020066301548904,0.0020046195618288,0.0052096237526913,39.767524479503074,18728.058595418315,18749.88075297945,-0.0005228966687008,0.8258974358974359,712100,-7400.0,550,0.0015359783150358,2,SIDEWAYS,,,,938,,,False
2025-10-27 13:13:46.418223,18735.778751010886,18748.692101988443,18715.36310748124,18725.41511576977,4860,18721.66935716065,79038,405300,325100,18550,16400,-18005.0,730400,18300.0,-0.0001356377621888,-0.0001356469618212,0.00520966270798,39.307629481481634,18727.17743553547,18746.82254832824,-0.0007463328776088,0.8021218850234394,730400,18300.0,2150,0.00153376543077,2,SIDEWAYS,,,,939,,,False
2025-10-27 13:18:46.418223,18733.17908361061,18734.263964978018,18719.549762523693,18725.456197888176,4300,18719.293900254263,139087,402200,310900,16050,16300,60049.0,713100,-17300.0,2.1939229732925725e-06,2.193920566995189e-06,0.0050232719769446,37.550956122398986,18726.60368965304,18744.151754523235,-0.0030577923237494,0.7729985082048731,713100,-17300.0,-250,0.0015285305474284,2,SIDEWAYS,,,,940,,,False
2025-10-27 13:23:46.418223,18785.328941282027,18788.988365853067,18776.815750600344,18779.612662211355,2870,18789.51629571543,125856,390500,309400,16600,16500,-13231.0,699900,-13200.0,0.0028921305708582,0.0028879564074522,0.0052847117241144,39.4067569682913,18744.27334717248,18748.58436798425,0.0006208940595462,0.7923175416133162,699900,-13200.0,100,0.0015619520459846,2,SIDEWAYS,,,,941,,,False
2025-10-27 13:28:46.418223,18755.38783935657,18776.210267951188,18743.217412266506,18750.42724832001,680,18757.90645663017,86921,408200,320900,18100,16750,-38935.0,729100,29200.0,-0.0015541009506586,-0.0015553098181708,0.0053588039863865,39.19164932375975,18746.32464755499,18748.81472802622,-0.0011455604856986,0.7861342479176874,729100,29200.0,1350,0.0015517851466796,2,SIDEWAYS,,,,942,,,False
2025-10-27 13:33:46.418223,18712.7063077432,18723.91490472144,18697.888949759177,18702.82078131011,1020,18710.480033675987,95848,393600,314900,16000,17300,8927.0,708500,-20600.0,-0.0025389537197967,-0.0025421823288098,0.0054238947111842,40.14498141212219,18731.823358806698,18743.065484686707,-0.0055172236704827,0.8000508130081301,708500,-20600.0,-1300,0.0015891302084945,2,SIDEWAYS,,,,943,,,False
2025-10-27 13:38:46.418223,18693.482107656724,18713.21032381408,18693.434377289508,18704.91394837219,1340,18710.29035250344,96791,396900,324500,19300,19050,943.0,721400,12900.0,0.0001119171854637,0.0001119109232021,0.0054207352083226,38.690050348725535,18722.85355532853,18738.2965426474,-0.0056548446095985,0.81758629377677,721400,12900.0,250,0.0015733656819574,2,SIDEWAYS,,,,944,,,False
2025-10-27 13:43:46.418223,18692.39083226025,18695.07107915487,18686.24508674824,18689.971528450074,3220,18696.75900607388,143079,406900,316700,17400,16650,46288.0,723600,2200.0,-0.0007988499686957,-0.0007991692193645,0.0054311594745219,37.25996543981286,18711.892879702376,18732.25591587273,-0.0060899302004749,0.7783239125092161,723600,2200.0,750,0.001562470734832,2,SIDEWAYS,,,,945,,,False
2025-10-27 13:48:46.418223,18699.401964843404,18704.074348811864,18692.060719107943,18702.69778089236,4790,18704.80184347156,107927,396900,320900,16350,17150,-35152.0,717800,-5800.0,0.0006809134204892,0.0006806817041251,0.005444482197836,35.6058836485255,18708.827846765707,18728.561149000187,-0.0046799173456811,0.8085159989921895,717800,-5800.0,-800,0.0015595708024802,2,SIDEWAYS,,,,946,,,False
2025-10-27 13:53:46.418223,18692.823661211023,18698.10291051387,18670.88272225104,18687.492922452373,4090,18693.30641817911,91442,403500,319500,16500,17550,-16485.0,723000,5200.0,-0.0008129767490292,-0.0008133073938427,0.0053303226971688,35.335110433724935,18701.71620532793,18723.42762068171,-0.0072852454734639,0.79182156133829,723000,5200.0,-1050,0.0015628780093622,2,SIDEWAYS,,,,947,,,False
2025-10-27 13:58:46.418223,18702.88466020065,18718.181729048432,18679.18157507164,18685.85939342958,2620,18684.793344935777,102933,411500,322200,17500,17200,11491.0,733700,10700.0,-8.74129574027771e-05,-8.741677813794979e-05,0.0051994509825768,35.596899258229904,18696.43060136181,18718.731592275195,-0.0051509471003817,0.7829890643985419,733700,10700.0,300,0.0015586967471109,2,SIDEWAYS,,,,948,,,False
2025-10-27 14:03:46.418223,18667.99317952851,18672.57738218409,18665.811599969573,18670.513893990774,4860,18672.328295844243,69260,401300,313100,17200,18600,-33673.0,714400,-19300.0,-0.0008212359472318,-0.000821573346208,0.0051773845422453,34.486248844071035,18687.791698904803,18712.70437998964,-0.0067959128877977,0.7802143035135809,714400,-19300.0,-1400,0.0015346596910383,2,SIDEWAYS,,,,949,,,False
2025-10-27 14:08:46.418223,18708.652355099453,18709.30126286039,18684.15303559159,18690.764498324734,4100,18711.567297691752,98526,407600,320800,18500,17850,29266.0,728400,14000.0,0.0010846302597207,0.0010840424733036,0.0052303326440867,34.79347170303856,18688.782632044786,18709.96189478153,-0.005374806290553,0.7870461236506379,728400,14000.0,650,0.0015366837751731,2,SIDEWAYS,,,,950,,,False
2025-10-27 14:13:46.418223,18706.53415478809,18708.335565207268,18698.62560198161,18705.89220222445,1530,18709.851798220923,78382,405200,323000,17900,19050,-20144.0,728200,-200.0,0.0008093678512226,0.0008090404896883,0.0052113411933087,33.56329993014538,18694.485822104674,18709.453183211896,-0.0056354568355795,0.797137216189536,728200,-200.0,-1150,0.0015068849851471,2,SIDEWAYS,,,,951,,,False
2025-10-27 14:18:46.418223,18738.098919814005,18760.51071330041,18710.224779387307,18725.279108538445,2410,18717.9484190742,63046,394000,322500,16300,16000,-15336.0,716500,-11700.0,0.0010364063956109,0.0010358696972954,0.0051755544574849,35.0672435834177,18704.75025091593,18711.431423877715,-0.0028900252203215,0.8185279187817259,716500,-11700.0,300,0.0015111226176551,2,SIDEWAYS,,,,952,,,False
2025-10-27 14:23:46.418223,18747.92190679739,18786.24939215178,18735.234685152354,18766.550554417805,4780,18768.003517029832,139731,402100,306200,19550,18800,76685.0,708300,-8200.0,0.0022040497041531,0.0022016243496842,0.0052903233674082,36.9174607284119,18725.350352083224,18718.321315195222,0.0005513943973338,0.7615021139020144,708300,-8200.0,750,0.0015343271550225,2,SIDEWAYS,,,,953,,,False
2025-10-27 14:28:46.418223,18760.95867714053,18775.919576143035,18748.327189481515,18769.50769632584,2260,18767.30684552494,99460,395800,312200,16500,19800,-40271.0,708000,-300.0,0.0001575751441087,0.0001575627304504,0.00526930164417,36.25138400934815,18740.06946683076,18724.71961283656,-0.0001242764025186,0.7887822132390097,708000,-300.0,-3300,0.0015343123025296,2,SIDEWAYS,,,,954,,,False
2025-10-27 14:33:46.418223,18777.18737239441,18779.258140431688,18763.633338350937,18778.180251771435,1960,18782.83283801242,84568,403100,323700,16250,17400,-14892.0,726800,18800.0,0.0004620555629859,0.0004619488481854,0.005189733529896,34.77805672873404,18752.773061810985,18731.40219270341,-0.001283770785222,0.803026544281816,726800,18800.0,-1150,0.0015060084049323,2,SIDEWAYS,,,,955,,,False
2025-10-27 14:38:46.418223,18789.989567802382,18807.19026736216,18787.2520637599,18801.862085447334,4290,18800.605975649298,66056,398700,316700,16050,19400,-18512.0,715400,-11400.0,0.0012611357095513,0.0012603411458762,0.0052334680674991,34.36605379030475,18769.13606968977,18740.209679296404,-0.0005520907537862,0.7943315776272887,715400,-11400.0,-3350,0.0014815343301319,2,SIDEWAYS,,,,956,,,False
2025-10-27 14:43:46.418223,18808.30151586858,18814.48354647048,18800.04008749567,18800.342632827647,1300,18802.90795061632,95577,396900,326400,16900,19750,29521.0,723300,7900.0,-8.081394346903803e-05,-8.081720909203227e-05,0.0050481234890493,32.943011303483615,18779.5382574024,18747.726298487807,0.0017305257842707,0.8223733938019653,723300,7900.0,-2850,0.0014779106125313,2,SIDEWAYS,,,,957,,,False
2025-10-27 14:48:46.418223,18846.026033434,18851.608770196846,18837.801466697994,18851.147246693523,2420,18850.733426217143,97016,405100,318300,16250,18800,1439.0,723400,100.0,0.0027023238277139,0.0026986791153316,0.0046831402397556,34.251806022463285,18803.40792049944,18760.65391701352,0.0001927572182873,0.7857319180449271,723400,100.0,-2550,0.0015078761007211,2,SIDEWAYS,,,,958,,,False
2025-10-27 14:53:46.418223,18851.77083372549,18860.36056851708,18844.87032256141,18853.654223978818,860,18858.5402471785,115301,404700,320400,18400,18550,18285.0,725100,1700.0,0.0001329880485514,0.000132979206425,0.0043615546819852,32.91169458912082,18820.1566883259,18772.278955384183,0.003215012464472,0.7916975537435137,725100,1700.0,-150,0.0015067624666643,2,SIDEWAYS,,,,959,,,False
2025-10-27 14:58:46.418223,18872.01918238496,18903.88780650865,18869.102830410782,18874.510478404685,4260,18874.73282678695,80923,404700,323100,18900,16300,-34378.0,727800,2700.0,0.0011062181462595,0.0011056067378252,0.004236072671433,34.14897229917164,18838.274618352163,18785.057895761747,0.0062044547828898,0.7983691623424759,727800,2700.0,2600,0.0015084573484304,2,SIDEWAYS,,,,960,,,False
2025-10-27 15:03:46.418223,18869.66780845869,18889.300789647845,18865.848366836035,18881.672252399658,3750,18887.47013461884,89324,396900,313700,16000,17550,8401.0,710600,-17200.0,0.0003794415756195,0.00037936960587,0.0042347803538167,33.384933050074366,18852.740496367995,18797.13469034149,0.0061275186112463,0.7903754094230284,710600,-17200.0,-1550,0.0015047391579756,2,SIDEWAYS,,,,961,,,False
2025-10-27 15:08:46.418223,18910.662772378342,18925.61040604682,18910.33092365441,18917.58872794789,2030,18932.43098448704,81508,403900,322500,17250,18350,-7816.0,726400,15800.0,0.0019021872145708,0.0019003803474415,0.0042901824148192,34.13873452129497,18874.356573561294,18812.19144504229,0.0089473940264597,0.7984649665758852,726400,15800.0,-1100,0.001518775580108,2,SIDEWAYS,,,,962,,,False
2025-10-27 15:13:46.418223,18891.67487802354,18898.40545772347,18883.608766586403,18894.40211480738,1790,18891.637416642545,95639,398800,315600,16350,18900,14131.0,714400,-12000.0,-0.0012256642997134,-0.0012264160405184,0.0043155959118212,34.127393581308546,18881.038420643323,18822.46777876293,0.0087138773571726,0.7913741223671013,714400,-12000.0,-2550,0.0015036323585826,2,SIDEWAYS,,,,963,,,False
2025-10-27 15:18:46.418223,18942.967472691707,18947.26197704509,18915.080768824973,18927.29323325399,1080,18935.18887786661,60140,390400,316100,17950,18350,-35499.0,706500,-7900.0,0.0017407864110625,0.0017392729984955,0.0043843881213115,35.46542705676582,18896.456691513547,18835.57096057431,0.0106337950597139,0.8096823770491803,706500,-7900.0,-400,0.0015109830653687,2,SIDEWAYS,,,,964,,,False
2025-10-27 15:23:46.418223,18942.01586014044,18959.022410868,18932.40071255336,18932.92325406461,2730,18922.7780674201,83915,405800,320400,18250,18100,23775.0,726200,19700.0,0.0002974551480361,0.0002974109170246,0.0043091189781571,35.19855209656885,18908.612212363903,18847.7399972606,0.0091934956814698,0.7895515032035485,726200,19700.0,150,0.0015072607611505,2,SIDEWAYS,,,,965,,,False
2025-10-27 15:28:46.418223,18901.595820544,18904.71543623793,18881.07538343093,18900.436123210795,2980,18902.89636593075,112594,396000,313600,18900,17750,28679.0,709600,-16600.0,-0.0017159067523734,-0.001717380606605,0.0043744209796447,36.38778913493413,18905.88684931287,18854.32701300437,0.0087153020634433,0.7919191919191919,709600,-16600.0,1150,0.0014811680069804,2,SIDEWAYS,,,,966,,,False
2025-10-27 15:33:46.418223,18905.417289567027,18913.227454618904,18890.05198473248,18906.29991141654,2890,18911.379494102403,75491,400700,324400,16050,18750,-37103.0,725100,15500.0,0.0003102461851949,0.0003101980687993,0.0040545127337574,35.444052045754844,18906.02453668076,18860.823625305893,0.0115486461474598,0.8095832293486399,725100,15500.0,-2700,0.0014801488724056,2,SIDEWAYS,,,,967,,,False
2025-10-27 15:38:46.418223,18886.30266466154,18898.3354313945,18870.37520480467,18875.62997985308,4230,18875.16934265694,119990,401600,328500,17100,16750,44499.0,730100,5000.0,-0.0016222069737155,-0.001623524176157,0.0040939917474013,35.47838451476304,18895.8930177382,18862.67441962429,0.0078852519402141,0.8179780876494024,730100,5000.0,350,0.0014935868961186,2,SIDEWAYS,,,,968,,,False
2025-10-27 15:43:46.418223,18910.32176092308,18943.050078193748,18910.013155471217,18933.12455188233,4380,18926.75889751037,117467,398000,326800,17250,16950,-2523.0,724800,-5300.0,0.0030459683777768,0.0030413388147163,0.0043811432773314,37.75993550232756,18908.303529119577,18871.480686156545,0.0110923808539569,0.821105527638191,724800,-5300.0,300,0.0015403730394414,2,SIDEWAYS,,,,969,,,False
2025-10-27 15:48:46.418223,18892.00774397214,18910.942624348267,18881.26403772001,18906.33160808952,3420,18909.89711660962,119140,401800,320000,16700,17250,1673.0,721800,-3000.0,-0.0014151358757182,-0.0014161381261494,0.0044941960878811,38.767119692326965,18907.64622210956,18875.837051398168,0.0096593326373402,0.7964161274265804,721800,-3000.0,-550,0.0015275548829021,2,SIDEWAYS,,,,970,,,False
2025-10-27 15:53:46.418223,18879.55681748048,18892.173767501543,18875.78591512204,18885.240681000825,3360,18897.698039541137,99909,403500,329300,19450,18100,-19231.0,732800,11000.0,-0.0011155483531067,-0.0011161710403069,0.0043004611068486,38.17987492626647,18900.17770840665,18877.0125050985,0.0056246111509006,0.8161090458488228,732800,11000.0,1350,0.001531332828597,2,SIDEWAYS,,,,971,,,False
2025-10-27 15:58:46.418223,18826.31030342009,18828.32068599204,18823.38777521461,18826.988397572,2530,18829.926635149783,98111,400100,319400,17550,19550,-1798.0,719500,-13300.0,-0.0030845401661959,-0.0030893071654052,0.0045889435420807,39.87080570197703,18875.78127146177,18870.759491657685,0.0040831682520112,0.7983004248937765,719500,-13300.0,-2000,0.0015857239939067,2,SIDEWAYS,,,,972,,,False
2025-10-27 16:03:46.418223,18813.729883064625,18828.76508044221,18801.13076882924,18811.73366194538,1480,18818.64833071533,106392,401400,321300,19900,17250,8281.0,722700,3200.0,-0.0008102589380989,-0.0008105873752963,0.0043488646227044,38.996770409904975,18854.43206828964,18863.381262943647,0.005823339800385,0.8004484304932735,722700,3200.0,2650,0.0015717568618782,2,SIDEWAYS,,,,973,,,False
2025-10-27 16:08:46.418223,18745.638222598325,18752.513633563805,18725.877421833087,18736.716063063832,3990,18746.79761906293,126405,392300,314600,16750,18000,20013.0,706900,-15800.0,-0.0039878088978744,-0.0039957814100723,0.0049626152889928,42.343875388647085,18815.19339988104,18847.54811295867,0.0017002010690569,0.8019372928880959,706900,-15800.0,-1250,0.0016539457761844,2,SIDEWAYS,,,,974,,,False
2025-10-27 16:13:46.418223,18701.34119583337,18702.14782688525,18698.325560988706,18702.0656906398,2250,18719.67260756876,124585,404900,318000,18150,18800,-1820.0,722900,16000.0,-0.0018493300697628,-0.0018510421917952,0.0050589918791944,42.06149158053846,18777.48416346729,18829.36281016881,0.0006470936657829,0.7853791059520869,722900,16000.0,-650,0.0016695585925005,1,TRANSITION,,,,975,,,False
2025-10-27 16:18:46.418223,18722.871754539305,18727.510032303944,18710.10176374837,18725.284688416054,3110,18723.11842968456,66755,407200,323700,19750,16250,-57830.0,730900,8000.0,0.0012415204908553,0.0012407504415801,0.0050935168998214,40.87455230079602,18760.08433845021,18816.35304494972,0.0012076817894566,0.7949410609037328,730900,8000.0,3500,0.0016760998728107,1,TRANSITION,,,,976,,,False
2025-10-27 16:23:46.418223,18745.140869678555,18745.858893587312,18728.520414670864,18733.50238122165,3200,18731.91503177006,82513,393700,316900,17050,19350,15758.0,710600,-20300.0,0.0004388554268912,0.0004387591580119,0.005072928076839,39.42452750582907,18751.22368604069,18805.99671198371,0.0024620455488706,0.8049276098552197,710600,-20300.0,-2300,0.0016595070022321,0,TRENDED_UP,,,,977,,,False
2025-10-27 16:28:46.418223,18757.29515267642,18765.22972753936,18752.59722558204,18760.42927552208,1920,18762.536627764734,78921,398300,327500,16450,19600,-3592.0,725800,15200.0,0.0014373657286543,0.0014363337073461,0.0051299334232343,38.87472884953497,18754.292215867823,18800.30078242601,0.0039907119347544,0.8222445392919909,725800,15200.0,-3150,0.0016463653108788,1,TRANSITION,,,,978,,,False
2025-10-27 16:33:46.418223,18730.295391008352,18750.00668099145,18719.64246935179,18728.84136708505,2380,18736.04505990984,114535,399200,316400,16200,19600,35614.0,715600,-10200.0,-0.0016837518999762,-0.0016851710033769,0.0052070691612715,39.01130580101749,18745.8085996069,18791.368355508388,0.0031240421889537,0.7925851703406813,715600,-10200.0,-3400,0.001656324094773,0,TRENDED_UP,,,,979,,,False
2025-10-27 16:38:46.418223,18729.142257769057,18748.266378070097,18696.257328580312,18711.276458193093,3210,18701.991726813176,86414,403000,315100,17200,19300,-28121.0,718100,2500.0,-0.0009378534714286,-0.0009382935311581,0.0052067283124004,39.939716064500885,18734.29788580229,18781.356868343973,0.0010974382492592,0.7818858560794044,718100,2500.0,-2100,0.0016598094299987,1,TRANSITION,,,,980,,,False
2025-10-27 16:43:46.418223,18729.228340688784,18730.68289937729,18709.71440612588,18721.171167024884,690,18728.58714109621,95932,395100,307800,18200,17150,9518.0,702900,-15200.0,0.0005288099320159,0.0005286701613176,0.005195172408593,38.58462872070895,18729.922312876493,18773.833655679085,0.0008167995749819,0.7790432801822323,702900,-15200.0,1050,0.0016549500287213,0,TRENDED_UP,,,,981,,,False
2025-10-27 16:48:46.418223,18696.90064966699,18700.622709596955,18678.34677509313,18693.03407888372,3820,18697.604137203994,134158,398000,318400,17050,19950,38226.0,716400,13500.0,-0.0015029555517724,-0.0015040861224093,0.0052310804863045,38.8874689500693,18717.626234878902,18763.733708579668,-0.0017220052885631,0.8,716400,13500.0,-2900,0.0016515338686929,1,TRANSITION,,,,982,,,False
2025-10-27 16:53:46.418223,18739.29895171637,18757.5290108102,18730.562959986382,18756.98592338555,3490,18757.732764539407,122417,405400,321900,18550,17550,-11741.0,727300,10900.0,0.0034211591458055,0.0034153202941595,0.0054487518485513,40.71657344838445,18730.746131047785,18762.8902354304,-0.0005096637767564,0.7940305870744944,727300,10900.0,1000,0.0017044256751107,1,TRANSITION,,,,983,,,False
2025-10-27 16:58:46.418223,18764.16455887793,18776.285031647527,18742.71920869761,18769.386186085187,4750,18775.536031494463,127523,405300,319100,16500,19900,5106.0,724400,-2900.0,0.0006611010292532,0.0006608825982326,0.0054617255715996,40.20580555563676,18743.626149393585,18763.70222926225,-6.473810747698039e-06,0.7873180360226992,724400,-2900.0,-3400,0.0017031447371772,1,TRANSITION,,,,984,,,False
2025-10-27 17:03:46.418223,18758.13385766959,18759.87765582012,18738.27321108536,18745.60828665077,950,18754.360513114832,85660,394100,319200,18500,17350,-41863.0,713300,-11100.0,-0.0012668448077456,-0.0012676479339912,0.0055014195808573,39.55631765879336,18744.28686181265,18761.44048643581,-0.0017345645149823,0.8099467140319716,713300,-11100.0,1150,0.0016972801370461,0,TRENDED_UP,,,,985,,,False
2025-10-27 17:08:46.418223,18759.07795501569,18778.64198250667,18751.88958442777,18763.63675133677,1440,18773.176306839607,44571,397200,323900,18950,18250,-41089.0,721100,7800.0,0.0009617433806528,0.0009612812017962,0.0054799058793797,39.0904161014437,18750.736824987354,18761.71501954844,-0.0020330610838886,0.8154582074521651,721100,7800.0,700,0.0017007008524195,1,TRANSITION,,,,986,,,False
2025-10-27 17:13:46.418223,18765.13012588805,18786.495038109988,18746.7320537118,18750.61244553968,4670,18754.445614759745,92089,397300,319800,18450,18450,47518.0,717100,-4000.0,-0.0006941248101151,-0.0006943658262787,0.0054915565817464,39.13845669406833,18750.695365171465,18760.32719779734,-0.0026451745193799,0.804933299773471,717100,-4000.0,0,0.0016756014410035,0,TRENDED_UP,,,,987,,,False
2025-10-27 17:18:46.418223,18707.934987875324,18729.616281137023,18703.624705437243,18718.06244479936,1130,18723.63686908295,71201,399800,322700,17550,17900,-20888.0,722500,5400.0,-0.0017359433370434,-0.0017374518327066,0.0053139210178112,39.699119794665954,18739.81772504744,18755.0441036726,-0.0070597720209046,0.8071535767883942,722500,5400.0,-350,0.0015942531978626,2,SIDEWAYS,,,,988,,,False
2025-10-27 17:23:46.418223,18701.18701691388,18710.83651414857,18682.55034557466,18696.78172180292,4620,18702.138285182948,61119,405000,312600,16350,19000,-10082.0,717600,-4900.0,-0.0011369084305172,-0.0011375552011649,0.0053335947591229,39.40004689681145,18725.4723906326,18747.76130593889,-0.0083205356538459,0.7718518518518519,717600,-4900.0,-2650,0.0015583734716895,2,SIDEWAYS,,,,989,,,False
2025-10-27 17:28:46.418223,18682.252747940074,18686.36526480556,18673.924441753035,18681.378080467886,1800,18692.0144946514,122573,394900,313400,19750,19450,61454.0,708300,-9300.0,-0.0008238659232497,-0.0008242054872962,0.0052783455515464,38.2184206934595,18710.774287244363,18739.463402755013,-0.0102324454007838,0.7936186376297797,708300,-9300.0,300,0.0015438633866077,2,SIDEWAYS,,,,990,,,False
2025-10-27 17:33:46.418223,18654.39158878064,18678.77965232912,18649.21397632448,18666.757553695807,580,18672.625726402643,82163,399300,325200,19700,17050,-40410.0,724500,16200.0,-0.0007826257093617,-0.0007829321207424,0.0052664432338055,37.785969511313006,18696.102042728176,18730.37517162261,-0.0113821856364728,0.8144252441773103,724500,16200.0,2650,0.0015450174954042,2,SIDEWAYS,,,,991,,,False
2025-10-27 17:38:46.418223,18646.714080620925,18646.849353201345,18634.60000583101,18634.71339510173,2520,18642.04740306445,83868,402400,329900,16500,19800,1705.0,732300,7800.0,-0.0017166429950086,-0.0017181181150061,0.0051417144091573,37.38393939370475,18675.63916018603,18718.417449557503,-0.0149530332281857,0.819831013916501,732300,7800.0,-3300,0.0015558822143458,2,SIDEWAYS,,,,992,,,False
2025-10-27 17:43:46.418223,18697.250325848006,18708.806496055568,18683.32154924953,18684.18919162708,4580,18692.92962104243,92684,403900,335000,16400,17400,8816.0,738900,6600.0,0.002655033939956,0.0026515155635742,0.0054257920123667,40.00602236228557,18678.48917066638,18714.1389173162,-0.0111256721383927,0.8294132210943302,738900,6600.0,-1000,0.0015912523008966,2,SIDEWAYS,,,,993,,,False
2025-10-27 17:48:46.418223,18715.419119368114,18727.156853437653,18698.06265668389,18709.957966372946,3470,18724.69335337638,132929,391700,317400,16750,18600,40245.0,709100,-29800.0,0.0013791754344585,0.0013782252455705,0.0053822234656606,40.21756803716325,18688.97876923524,18713.61629844829,-0.0114826385475552,0.8103140158284401,709100,-29800.0,-1850,0.0016016705345019,2,SIDEWAYS,,,,994,,,False
2025-10-27 17:53:46.418223,18699.57820002252,18716.125073482723,18688.797104706224,18709.28682328546,2230,18709.74062717965,96767,392100,321600,18550,18200,-36162.0,713700,4600.0,-3.5870903007495514e-05,-3.587154638395873e-05,0.0053713489560872,39.296882375687225,18695.74812058531,18713.07511405294,-0.01181203915413,0.8201989288446825,713700,4600.0,350,0.0015853010282725,2,SIDEWAYS,,,,995,,,False
2025-10-27 17:58:46.418223,18715.83284114477,18720.87147047232,18692.56526781237,18701.61492755653,1220,18714.476263935056,119031,402700,320500,16750,17850,22264.0,723200,9500.0,-0.0004100581599605,-0.0004101422567988,0.0053145780581507,38.51183382456294,18697.70372290905,18711.64259074089,-0.0105193972434372,0.7958778246833872,723200,9500.0,-1100,0.0015782631426383,2,SIDEWAYS,,,,996,,,False
2025-10-27 18:03:46.418223,18755.34680661296,18762.058728570224,18725.051456665387,18728.787776386533,1330,18746.417744945626,93693,392200,324300,17300,17800,-25338.0,716500,-6700.0,0.001452968042346,0.0014519135056296,0.0054016726770005,40.07840290950092,18708.06507406821,18713.7857389466,-0.0093890468183474,0.8268740438551759,716500,-6700.0,-500,0.0015559529007602,2,SIDEWAYS,,,,997,,,False
2025-10-27 18:08:46.418223,18781.5654069492,18804.050339271045,18767.470114157564,18777.32867214513,1080,18778.14336730158,68390,398900,321100,17350,17500,-25303.0,720000,3500.0,0.0025917799025838,0.0025884270330678,0.0055891188506187,42.591557193430326,18731.152940093853,18721.72860559641,-0.0052078424832905,0.8049636500376034,720000,3500.0,-150,0.0015702438295109,2,SIDEWAYS,,,,998,,,False
2025-10-27 18:13:46.418223,18783.433243015064,18809.142489656613,18780.384144868385,18788.61503625636,700,18791.15080329629,76203,394800,309700,16350,16700,7813.0,704500,-15500.0,0.0006010633518904,0.0006008827856653,0.0052814900222371,41.82171864471985,18750.30697214802,18730.089409428903,-0.007632629005845,0.7844478216818642,704500,-15500.0,-350,0.0015716948339936,2,SIDEWAYS,,,,999,,,False
2025-10-27 18:18:46.418223,18765.40219662378,18783.111005454484,18764.06055823751,18776.66389386132,4550,18778.00576273268,99924,404500,329300,16400,18950,23721.0,733800,29300.0,-0.0006360842654965,-0.0006362866529219,0.0052423954978129,40.58834431430033,18759.09261271912,18735.911219982954,-0.0068584280079334,0.8140914709517924,733800,29300.0,-2550,0.0015742258038525,2,SIDEWAYS,,,,1000,,,False
2025-10-27 18:23:46.418223,18785.254005756826,18800.50655178987,18764.69568423012,18780.903703840613,2060,18788.360971957256,102152,399400,321100,17700,16900,2228.0,720500,-13300.0,0.0002258020915353,0.0002257766020807,0.0052218381641954,40.24709597468962,18766.362976426284,18741.535280465163,-0.0055247893803745,0.8039559339008513,720500,-13300.0,800,0.0015296389805869,2,SIDEWAYS,,,,1001,,,False
2025-10-27 18:28:46.418223,18796.53282725999,18800.13394398857,18790.12567486416,18792.666130396658,3680,18785.92890338332,110854,406500,314900,19350,19700,8702.0,721400,900.0,0.0006262971548935,0.0006261011126795,0.0049492015901794,38.74589198706589,18775.13069441641,18747.9266367066,-0.0018230354452106,0.7746617466174662,721400,900.0,-350,0.0015178968239151,2,SIDEWAYS,,,,1002,,,False
2025-10-27 18:33:46.418223,18821.97779267353,18837.536834782284,18821.72007913827,18832.83713967108,3780,18833.781617055607,110862,406100,324100,17150,18900,8.0,730200,8800.0,0.0021375896850233,0.0021353082907378,0.005082439568769,39.18337858696308,18794.36617616797,18758.54044957716,0.0011218252450801,0.7980792908150702,730200,8800.0,-1750,0.0015032056205883,2,SIDEWAYS,,,,1003,,,False
2025-10-27 18:38:46.418223,18840.10752263835,18856.048804851143,18804.11328060239,18822.49445530744,1100,18824.713765690183,118003,396900,319200,18850,18350,7141.0,716100,-14100.0,-0.0005491835503559,-0.0005493344068767,0.0045099340417279,40.0942461342339,18803.74226921446,18766.534700293447,0.0045780910568797,0.8042328042328042,716100,-14100.0,500,0.0015056540542307,2,SIDEWAYS,,,,1004,,,False
2025-10-27 18:43:46.418223,18869.980110480625,18871.587698482617,18859.834250923195,18866.31442083052,1130,18868.043927814888,84616,395400,321800,19400,18250,-33387.0,717200,1100.0,0.0023280636701543,0.0023253579285409,0.0045146986802845,40.73703163715855,18824.59965308648,18779.00716536058,0.0087823844118419,0.813859382903389,717200,1100.0,1150,0.0015277429308459,2,SIDEWAYS,,,,1005,,,False
2025-10-27 18:48:46.418223,18855.024923001547,18864.483780723724,18840.543687069352,18856.82014659678,3740,18858.491827440568,136544,402400,310800,16250,17600,51928.0,713200,-4000.0,-0.0005032394786793,-0.0005033661461641,0.0045008581153098,39.6680103603021,18835.33981758992,18788.733788015103,0.0070244837592294,0.7723658051689861,713200,-4000.0,-1350,0.0015285045125311,2,SIDEWAYS,,,,1006,,,False
2025-10-27 18:53:46.418223,18892.50993216189,18904.5771783378,18886.86543864017,18896.753366738696,2170,18897.759092137167,138375,395900,325900,18350,17350,1831.0,721800,8600.0,0.0021177070063493,0.002115467825595,0.0046264628983061,40.24579760178175,18855.811000639507,18802.236235355555,0.0087143867812293,0.8231876736549634,721800,8600.0,1000,0.0015443324826743,2,SIDEWAYS,,,,1007,,,False
2025-10-27 18:58:46.418223,18898.29947291321,18908.42027294132,18886.76273569224,18893.482233132607,2520,18901.667186262646,89589,389500,330800,19300,18000,-48786.0,720300,-1500.0,-0.0001731055881719,-0.0001731205726738,0.0045830335373527,38.91806471944596,18868.36807813721,18813.641985077687,0.0070922128516603,0.8492939666238768,720300,-1500.0,1300,0.00154462888467,2,SIDEWAYS,,,,1008,,,False
2025-10-27 19:03:46.418223,18957.40905645464,18977.39929441181,18956.29887061665,18957.735512628253,1780,18964.58822719371,84121,406700,318800,16500,18800,-5468.0,725500,5200.0,0.0034008172079029,0.0033950475064958,0.0047783400829376,42.13227875942868,18898.15722296756,18831.653676021506,0.0122214792179013,0.7838701745758544,725500,5200.0,-2300,0.0015932524200685,2,SIDEWAYS,,,,1009,,,False
2025-10-27 19:08:46.418223,18938.010738984645,18938.219387230216,18912.214733888257,18914.448753914123,2940,18927.89731062965,64303,388300,317900,19850,16800,-19818.0,706200,-19300.0,-0.0022833296036488,-0.0022859403756143,0.0049640467846932,42.37431447232633,18903.58773328308,18842.003060758085,0.0108582808968153,0.8186968838526912,706200,-19300.0,3050,0.0016226405294744,2,SIDEWAYS,,,,1010,,,False
2025-10-27 19:13:46.418223,18987.57842621037,18998.22914286318,18972.41594403524,18981.329154533807,1550,18989.566671903973,103417,413400,309600,16500,17200,39114.0,723000,16800.0,0.0035359423628904,0.0035297056162217,0.0052832193908534,45.33189122066424,18929.50154036666,18859.41882248005,0.0138964589975632,0.7489114658925979,723000,16800.0,-700,0.0016770979543057,1,TRANSITION,,,,1011,,,False
2025-10-27 19:18:46.418223,18993.40596586988,18999.48604006942,18989.75555312399,18997.712803413186,3700,18995.25684116119,109048,410000,316500,16650,17100,5631.0,726500,3500.0,0.0008631455018768,0.0008627732060126,0.0051580874524797,43.3908193860177,18952.238628048835,18876.70557009669,0.0162990514671794,0.7719512195121951,726500,3500.0,-450,0.0016758604539404,0,TRENDED_UP,,,,1012,,,False
2025-10-27 19:23:46.418223,18975.045809767824,18981.962817798903,18963.77501237949,18965.7262726185,1710,18968.55195491796,88413,387500,331700,16050,16650,-20635.0,719200,-7300.0,-0.0016837043030221,-0.0016851233261458,0.0050193888670886,42.71560307513753,18956.73450957206,18887.83315791192,0.0111286722763224,0.856,719200,-7300.0,-600,0.0016738976036839,1,TRANSITION,,,,1013,,,False
2025-10-27 19:28:46.418223,18961.46778677352,18965.356405021703,18946.245332407027,18962.02700048232,3670,18964.248031266023,105655,388100,320600,18400,18400,17242.0,708700,-10500.0,-0.0001950503810401,-0.0001950694058407,0.0050263703462347,41.05598429916152,18958.49867320881,18897.107388233217,0.0102635649609015,0.8260757536717341,708700,-10500.0,0,0.0016745822029531,0,TRENDED_UP,,,,1014,,,False
2025-10-27 19:33:46.418223,18952.54811731432,18960.021193006083,18932.83044985076,18956.782803601203,2310,18962.025708916648,72243,405300,325300,17200,16450,-33412.0,730600,21900.0,-0.000276563095337,-0.0002766013459627,0.0049508870054954,40.20888189433291,18957.926716672948,18904.566815154216,0.0112652795108716,0.8026153466567975,730600,21900.0,750,0.0016751147344501,1,TRANSITION,,,,1015,,,False
2025-10-27 19:38:46.418223,18964.80013956052,18967.37285672748,18950.11985668046,18961.551950994395,1520,18971.563174335468,119353,404200,328100,18400,17650,47110.0,732300,1700.0,0.0002515799987055,0.0002515483577649,0.0049390609539267,38.56917604809638,18959.13512811344,18911.68995713424,0.0105478059653614,0.8117268678871845,732300,1700.0,750,0.0016689117746848,0,TRENDED_UP,,,,1016,,,False
2025-10-27 19:43:46.418223,18979.868976810783,18993.0329229866,18970.978851401967,18981.486666830187,3650,18986.341191868123,89380,404600,325100,16750,18750,-29973.0,729700,-2600.0,0.0010513230081226,0.0010507707551195,0.0049151452652358,38.06287575838985,18966.585641019017,18920.41454584623,0.0123128896168631,0.8035096391497776,729700,-2600.0,-2000,0.0016727525238431,1,TRANSITION,,,,1017,,,False
2025-10-27 19:48:46.418223,18963.73251254812,18974.36671140838,18941.60040229023,18954.60401112353,3510,18959.46676828485,105775,394400,320100,18950,19750,16395.0,714500,-15200.0,-0.0014162565966782,-0.0014172604359607,0.0048713083993788,38.19311781421606,18962.591764387187,18924.688229005893,0.0126370753929123,0.8116125760649088,714500,-15200.0,-800,0.0016511268001961,0,TRENDED_UP,,,,1018,,,False
2025-10-27 19:53:46.418223,18963.229375588224,18969.95518280811,18950.08376617143,18961.27036704399,3100,18965.11974317639,104203,405300,316600,19200,16800,-1572.0,721900,7400.0,0.0003517011442997,0.0003516393119493,0.004784486000463,36.88442487296354,18962.15129860612,18929.26099626065,0.0141462123897313,0.7811497656057241,721900,7400.0,2400,0.001651461814047,1,TRANSITION,,,,1019,,,False
2025-10-27 19:58:46.418223,19024.454177344607,19030.44383994103,19017.49219670429,19030.25869212292,1620,19038.692430768213,60791,394000,322400,16250,18600,-43412.0,716400,-5500.0,0.0036383809598978,0.0036317780629495,0.0050472272346908,39.19078544611164,18984.85376311172,18941.88570824344,0.0186753145379463,0.8182741116751269,716400,-5500.0,-2350,0.0017088704294933,1,TRANSITION,,,,1020,,,False
2025-10-27 20:03:46.418223,19074.00719425876,19076.82534140723,19062.04284488149,19075.50424595217,4550,19076.063700911567,116680,387800,316400,17750,17400,55889.0,704200,-12200.0,0.0023775585272509,0.0023747366069457,0.005073792789984,39.71763286312595,19015.070590725205,18958.58802545703,0.021897037612482,0.8158844765342961,704200,-12200.0,350,0.001732914431284,0,TRENDED_UP,,,,1021,,,False
2025-10-27 20:08:46.418223,19086.68580746312,19090.73113549048,19073.44920613697,19081.088338433907,4860,19076.564156410182,84311,401500,315900,16750,16150,-32369.0,717400,13200.0,0.0002927362972815,0.0002926934583715,0.0048740316020632,38.11508261243912,19037.076506628106,18973.90056457914,0.0239539473383856,0.786799501867995,717400,13200.0,600,0.0017180745275555,1,TRANSITION,,,,1022,,,False
2025-10-27 20:13:46.418223,19087.964757839967,19093.01771875456,19068.30563344008,19090.104675251583,1190,19097.61422022484,104050,399300,309500,18500,16100,19739.0,708800,-8600.0,0.0004725273872097,0.0004724157812994,0.0047507129504775,37.157725662584944,19054.752562835933,18988.426078413195,0.0217250788600666,0.7751064362634611,708800,-8600.0,2400,0.0017090917868518,0,TRENDED_UP,,,,1023,,,False
2025-10-27 20:18:46.418223,19091.592712818943,19108.41140991259,19086.259248852,19098.41423235465,2090,19104.383444481795,71802,403100,313600,16900,16650,-32248.0,716700,7900.0,0.000435280855942,0.0004351861487119,0.0047369306106492,36.08589961958548,19069.306452675508,19002.17459765588,0.0207620063433531,0.7779707268667825,716700,7900.0,250,0.0016970692120996,1,TRANSITION,,,,1024,,,False
2025-10-27 20:23:46.418223,19109.36144527187,19112.564595438274,19088.281351910493,19089.774910854907,2890,19101.171992932726,90412,398200,315100,16750,16700,18610.0,713300,-3400.0,-0.0004523580541628,-0.0004524603989324,0.0047641469127465,35.24285275588519,19076.12927206864,19013.12463680575,0.0203368568328266,0.7913108990457057,713300,-3400.0,50,0.0016987256240687,0,TRENDED_UP,,,,1025,,,False
2025-10-27 20:28:46.418223,19080.25735536752,19104.11641558034,19076.985793600896,19091.31507109416,600,19081.227722977248,107264,396700,318700,17550,19200,16852.0,715400,2100.0,8.067985329551774e-05,8.06765988521363e-05,0.0047347934085008,34.663407700425246,19081.19120507715,19022.8984410918,0.0208377803225652,0.8033778674061003,715400,2100.0,-1650,0.0016812182388637,1,TRANSITION,,,,1026,,,False
2025-10-27 20:33:46.418223,19073.083291125247,19080.17515725248,19058.020182399632,19069.876583806297,1870,19073.11646392191,78413,404600,320100,17500,17800,-28851.0,724700,9300.0,-0.0011229445016243,-0.0011235754762122,0.0048219271134157,34.56565634286108,19077.41966465353,19028.770708931115,0.0182120066441147,0.7911517548195749,724700,9300.0,-300,0.0016893252698265,1,TRANSITION,,,,1027,,,False
2025-10-27 20:38:46.418223,19025.59567239672,19031.592637027028,19018.181632488995,19029.643272112964,2160,19034.058417020176,79509,400600,321700,16950,16200,1096.0,722300,-2400.0,-0.0021097835382688,-0.0021120122668669,0.0049145537695714,35.78917741246402,19061.494200473346,19028.879779328847,0.0134371935632211,0.8030454318522217,722300,-2400.0,750,0.0016991345438757,0,TRENDED_UP,,,,1028,,,False
2025-10-27 20:43:46.418223,19037.182641840594,19048.87776932545,19030.977580836705,19048.578746017003,2960,19043.75443843625,102501,402700,321800,19500,16450,22992.0,724500,2200.0,0.0009950514380785,0.0009945567025617,0.0049238787721946,34.60670025532264,19057.1890489879,19031.342150164863,0.0138362358938641,0.7991060342686863,724500,2200.0,3050,0.0016598980777953,1,TRANSITION,,,,1029,,,False
2025-10-27 20:48:46.418223,19055.86335409768,19071.18025036656,19039.852409849394,19042.794140827264,4030,19046.107988698823,96649,400700,316500,17450,17800,-5852.0,717200,-7300.0,-0.0003036764719756,-0.0003037225910134,0.004902611958073,34.37249598831145,19052.390746267687,19032.773648997667,0.0141734574613623,0.7898677314699276,717200,-7300.0,-350,0.0016488371941765,0,TRENDED_UP,,,,1030,,,False
2025-10-27 20:53:46.418223,19042.24747668708,19042.443236297742,19015.461915760287,19035.492801117914,800,19046.077997050143,106986,399000,336000,16600,17200,10337.0,735000,17800.0,-0.0003834174572993,-0.0003834909805657,0.0049250546005325,33.86961949393042,19046.75809788443,19033.1135430127,0.0135557426464647,0.8421052631578947,735000,17800.0,-600,0.0016422278000018,1,TRANSITION,,,,1031,,,False
2025-10-27 20:58:46.418223,19087.449833138475,19090.209722565083,19083.378411535337,19084.696003760004,610,19100.456802468565,92643,398900,324000,18250,16000,-14343.0,722900,-12100.0,0.0025848137033364,0.0025814788178646,0.0050728055307172,35.3587124905903,19059.40406650962,19039.56135060612,0.0155395658783612,0.8122336425169215,722900,-12100.0,2250,0.00161667221696,0,TRENDED_UP,,,,1032,,,False
2025-10-27 21:03:46.418223,19052.577491082724,19063.80825666973,19027.150463255926,19045.11122873516,2920,19054.53326558195,112829,395700,320000,17150,19100,20186.0,715700,-7200.0,-0.0020741632466686,-0.0020763173023468,0.0051872764075913,36.9434859201251,19054.63978725147,19040.25508537224,0.0112714875347661,0.8086934546373515,715700,-7200.0,-1950,0.0016385455351912,2,SIDEWAYS,,,,1033,,,False
2025-10-27 21:08:46.418223,19010.96335556616,19029.54463868364,19010.45900123924,19027.454763399888,1570,19029.40809499446,88660,387500,332000,18650,17500,-24169.0,719500,3800.0,-0.0009270864907647,-0.0009275165012372,0.0052143359108446,36.779824604110495,19045.57811263428,19038.6550451257,0.0108891150734091,0.8567741935483871,719500,3800.0,1150,0.0015507305601964,2,SIDEWAYS,,,,1034,,,False
2025-10-27 21:13:46.418223,19017.555175698904,19023.3510232968,19001.183997270306,19009.40832041523,3850,19020.40439922971,111941,401900,320400,19600,17700,23281.0,722300,2800.0,-0.0009484423013513,-0.000948892357341,0.0051330190589111,36.02917757021565,19033.521515227927,19034.999204536893,0.0075846239171504,0.7972132371236627,722300,2800.0,1900,0.0015342341184633,2,SIDEWAYS,,,,1035,,,False
2025-10-27 21:18:46.418223,19047.638995560188,19062.452094252883,19037.8076445352,19042.34806830978,4710,19051.36311167728,81864,406100,320000,18950,16150,-30077.0,726100,3800.0,0.0017328128966105,0.0017313133084311,0.0051803973487465,37.2445058750326,19036.463699588545,19035.9178125085,0.0098387702842084,0.7879832553558237,726100,3800.0,2800,0.0015407791270161,2,SIDEWAYS,,,,1036,,,False
2025-10-27 21:23:46.418223,19096.003039158782,19099.872411172662,19079.98993428173,19097.95454594312,3720,19098.99887613644,87780,396100,317600,17750,18400,5916.0,713700,-12400.0,0.0029201481578775,0.0029158928074011,0.0052923369793952,38.693065659878975,19056.9606483734,19043.67240418783,0.0106473940416964,0.8018177227972734,713700,-12400.0,-650,0.0015778512021221,2,SIDEWAYS,,,,1037,,,False
2025-10-27 21:28:46.418223,19083.054108568835,19084.015809315308,19057.656733720443,19071.583766342483,2430,19072.069351640646,114613,401300,322900,18900,19250,26833.0,724200,10500.0,-0.0013808169632614,-0.0013817711694947,0.0053769985931086,38.80769041436434,19061.835021029765,19047.161324457164,0.0094266123635773,0.8046349364565163,724200,10500.0,-350,0.0015860144942463,2,SIDEWAYS,,,,1038,,,False
2025-10-27 21:33:46.418223,19114.147029275584,19114.541616523864,19098.98276612126,19110.365479625005,3570,19113.22151204736,89712,391200,324200,16100,16750,-24901.0,715400,-8800.0,0.0020334815271589,0.0020314168021773,0.005166043664436,39.10413039772269,19078.01184056152,19055.061843853146,0.0080510653234444,0.8287321063394683,715400,-8800.0,-650,0.0015807626778081,2,SIDEWAYS,,,,1039,,,False
2025-10-27 21:38:46.418223,19113.234107725988,19126.18119065032,19106.782081419035,19116.267886976257,1820,19114.06464711522,76575,403900,313400,19450,19200,-13137.0,717300,1900.0,0.0003088589466038,0.0003088112594991,0.0049415733868728,37.69662888583412,19090.763856033096,19062.71259924353,0.0106701038813181,0.7759346372864571,717300,1900.0,250,0.0015718959895132,2,SIDEWAYS,,,,1040,,,False
2025-10-27 21:43:46.418223,19108.47663326101,19111.67193853413,19088.903743705923,19105.29640563137,4440,19107.336133438137,134602,400600,328200,17950,19250,58027.0,728800,11500.0,-0.0005739342747107,-0.0005740990380331,0.0045962449140665,36.95859419901264,19095.608039232524,19068.035575042013,0.0065310100303461,0.8192710933599601,728800,11500.0,-1300,0.0015762943268315,2,SIDEWAYS,,,,1041,,,False
2025-10-27 21:48:46.418223,19134.012858818503,19148.153582173207,19107.186450607365,19133.119426138983,3300,19139.739980558003,99297,403400,319600,16450,19550,-35305.0,723000,-5800.0,0.0014562988145745,0.0014552394398421,0.004636505587198,37.37992150921447,19108.11183486801,19076.17105642913,0.0071275223563476,0.7922657411998016,723000,-5800.0,-3100,0.0015639123695908,2,SIDEWAYS,,,,1042,,,False
2025-10-27 21:53:46.418223,19152.935881477348,19162.450959619688,19147.25645635612,19147.866749472483,3400,19157.66188244768,109429,409900,319700,19650,16850,10132.0,729600,6600.0,0.0007707746450038,0.0007704777507768,0.0045035959699873,36.80503665003521,19121.3634730695,19085.13301805956,0.0096036647495512,0.7799463283727739,729600,6600.0,2800,0.0015135973271605,2,SIDEWAYS,,,,1043,,,False
2025-10-27 21:58:46.418223,19107.891655089505,19109.19027104134,19085.04540121752,19093.42248779817,2120,19095.07109733013,54758,384000,322700,16300,16150,-54671.0,706700,-22900.0,-0.002843359126458,-0.0028474091509576,0.004846442599955,38.663344621815945,19112.04981131239,19086.169201776884,0.0069294009186098,0.8403645833333333,706700,-22900.0,150,0.0015679276466586,2,SIDEWAYS,,,,1044,,,False
2025-10-27 22:03:46.418223,19150.450418584205,19154.33866456139,19136.97724180504,19153.52974600856,3270,19165.33840007966,126636,405400,316500,19050,16650,71878.0,721900,15200.0,0.0031480609748619,0.0031431162058179,0.0051113590248606,40.25283263191633,19125.87645621112,19094.589269805845,0.0103787095334542,0.7807104094721263,721900,15200.0,2400,0.0015970143280076,2,SIDEWAYS,,,,1045,,,False
2025-10-27 22:08:46.418223,19190.32744012017,19217.43498470516,19188.21633112341,19207.16631026037,4700,19214.75374866865,152924,388800,317300,17850,16750,26288.0,706100,-15800.0,0.0028003488110588,0.0027964351390554,0.0052985155592444,41.94229020796487,19152.97307422753,19108.66139986266,0.0129532835656471,0.8161008230452675,706100,-15800.0,1100,0.001626057997757,2,SIDEWAYS,,,,1046,,,False
2025-10-27 22:13:46.418223,19172.52048055151,19181.864260476137,19171.29912511638,19172.69688337305,4880,19180.53268609009,124843,409400,319600,18950,17450,-28081.0,729000,22900.0,-0.0017946128195345,-0.0017962250663163,0.0054332002995454,41.50835413196695,19159.54767727604,19116.665835301457,0.010073511095261,0.7806546165119688,729000,22900.0,1500,0.0016446211095787,2,SIDEWAYS,,,,1047,,,False
2025-10-27 22:18:46.418223,19184.098527295417,19208.560164189552,19183.113946328973,19186.259271805386,2520,19184.806804323973,127694,400500,325600,18050,17350,2851.0,726100,-2900.0,0.0007073803187331,0.0007071302432013,0.0053370032637927,41.10513460943374,19168.45154211916,19125.36501486445,0.0122215827112983,0.8129837702871411,726100,-2900.0,700,0.0016216213138021,2,SIDEWAYS,,,,1048,,,False
2025-10-27 22:23:46.418223,19198.51206586688,19205.32499115817,19195.653444317664,19205.16168895309,1450,19219.418219491323,91824,411300,309100,18750,18950,-35870.0,720400,-5700.0,0.0009852059684964,0.0009847209716173,0.0053470822300362,39.53089066253019,19180.68825773047,19135.339599125527,0.0128626045189987,0.7515195720884998,720400,-5700.0,-200,0.0016103612550939,2,SIDEWAYS,,,,1049,,,False
2025-10-27 22:28:46.418223,19206.21241750349,19211.06218865185,19187.94583137893,19194.022901931145,2720,19201.048093501093,105036,402800,322500,16450,17000,13212.0,725300,4900.0,-0.0005799892342667,-0.0005801574930845,0.0050273646640023,38.35842399184376,19185.133139130696,19142.67501197623,0.0086054641956081,0.8006454816285998,725300,4900.0,-550,0.0016074011712607,2,SIDEWAYS,,,,1050,,,False
2025-10-27 22:33:46.418223,19190.55694716356,19207.704718076508,19186.837530974484,19206.893049413666,2860,19208.817576085497,109761,406300,315100,19200,19750,4725.0,721400,-3900.0,0.0006705289218564,0.0006703042177811,0.0048808614626166,37.10904992828515,19192.386442558352,19150.70226665591,0.0068878285872511,0.7755353187300025,721400,-3900.0,-550,0.0015994189244143,2,SIDEWAYS,,,,1051,,,False
2025-10-27 22:38:46.418223,19171.42515594457,19180.2055311656,19152.87714606801,19173.364621633325,1660,19174.270847427328,86047,397800,325100,17850,19750,-23714.0,722900,1500.0,-0.0017456455707897,-0.0017471709854994,0.0050088697617607,38.31668231524013,19186.045835583347,19153.535061028084,0.0048360073368327,0.8172448466566113,722900,1500.0,-1900,0.0016000985127193,2,SIDEWAYS,,,,1052,,,False
2025-10-27 22:43:46.418223,19170.88201595088,19203.991114451168,19169.450320145468,19186.52408399056,2410,19188.574439553504,97518,391000,320400,16950,17000,11471.0,711400,-11500.0,0.000686340797086,0.0006861053729547,0.0050148230034143,38.04697602884439,19186.20525171909,19157.658688898395,0.0050507532765902,0.8194373401534527,711400,-11500.0,-50,0.0015747009200641,2,SIDEWAYS,,,,1053,,,False
2025-10-27 22:48:46.418223,19204.827116444063,19211.60424530717,19175.063063154303,19197.78823046922,3250,19195.76283955521,79980,397500,322700,18000,17150,-17538.0,720200,8800.0,0.0005870863544303,0.000586914086659,0.0050182897741133,37.93941932341756,19190.0662446358,19162.674881594747,0.0052032591243214,0.8118238993710691,720200,8800.0,850,0.0015700351891728,2,SIDEWAYS,,,,1054,,,False
2025-10-27 22:53:46.418223,19220.68532898524,19251.54688434821,19217.285471997737,19238.157527046285,1550,19247.709083018573,92089,405100,331200,19400,19350,12109.0,736300,16100.0,0.0021028097660225,0.0021006019560942,0.0051214194759535,39.06936464881541,19206.09667210596,19172.110212276188,0.0077728845355324,0.8175759071834116,736300,16100.0,50,0.0015834833393565,2,SIDEWAYS,,,,1055,,,False
2025-10-27 22:58:46.418223,19210.195207307373,19234.015062170383,19200.788933012227,19217.640651485588,530,19216.20362113721,116817,393300,318800,17100,19150,24728.0,712100,-24200.0,-0.0010664678013917,-0.0010670368828193,0.0051763426934977,38.94788103347561,19209.944665232502,19177.80151717736,0.0066169134981537,0.8105771675565726,712100,-24200.0,-2050,0.0015918824152902,2,SIDEWAYS,,,,1056,,,False
2025-10-27 23:03:46.418223,19232.637132032178,19239.06257925306,19231.06620681825,19237.955341677512,670,19243.475623938004,64684,409500,321700,16800,18700,-52133.0,731200,19100.0,0.0010570855476139,0.0010565272261153,0.0051351170329632,37.69602722876101,19219.28155738084,19185.32074523988,0.0088138356392901,0.7855921855921856,731200,19100.0,-1900,0.0015884947042147,2,SIDEWAYS,,,,1057,,,False
2025-10-27 23:08:46.418223,19150.82647422856,19156.38006319091,19138.243663255904,19153.067355086576,3560,19154.31277996138,119062,412200,322500,19700,16050,54378.0,734700,3500.0,-0.0044125264397009,-0.0044222903674722,0.0056431233300041,42.12571659967869,19197.210156616085,19181.28907147072,0.0064858852690361,0.7823871906841339,734700,3500.0,3650,0.0016833255444586,1,TRANSITION,,,,1058,,,False
2025-10-27 23:13:46.418223,19184.046480661826,19192.57526481342,19172.563299704467,19181.662588381365,690,19189.35901835872,68452,409400,311800,16050,17250,-50610.0,721200,-13500.0,0.0014929845316495,0.0014918711382936,0.005673277450504,41.93873039447612,19192.027633871177,19181.335761084545,0.0069865497126493,0.7616023448949683,721200,-13500.0,-1200,0.0016896718594203,0,TRENDED_UP,,,,1059,,,False
2025-10-27 23:18:46.418223,19134.240960666222,19156.4649616429,19124.08779418053,19145.726591683306,1710,19154.189221957346,101049,402500,318200,16700,19500,32597.0,720700,-500.0,-0.0018734557827029,-0.0018752128959143,0.0057927733875868,43.055592094930304,19176.593953141888,19176.88461490939,0.0054053228793435,0.7905590062111801,720700,-500.0,-2800,0.0017093236774842,1,TRANSITION,,,,1060,,,False
2025-10-27 23:23:46.418223,19124.032478794303,19132.70788314703,19119.88840071967,19125.37460214916,1860,19125.505199411487,102868,400500,319000,19750,19100,1819.0,719500,-1200.0,-0.0010630042916726,-0.0010635696814436,0.0058279056095616,41.82577772840938,19159.520836144315,19170.44586331436,0.0047218005843254,0.7965043695380774,719500,-1200.0,650,0.0017186638282876,0,TRENDED_UP,,,,1061,,,False
2025-10-27 23:28:46.418223,19092.131450843543,19092.781273199867,19056.634021906862,19073.35367416661,1290,19076.97451957928,111456,398400,322100,18550,17500,8588.0,720500,1000.0,-0.0027199952453063,-0.0027237011539362,0.0058705518215437,43.74826362225832,19130.798448818416,19158.309339670894,-0.0005943154447499,0.8084839357429718,720500,1000.0,1050,0.0017618533446591,1,TRANSITION,,,,1062,,,False
2025-10-27 23:33:46.418223,19055.280638532666,19065.082379454565,19041.15938836551,19044.636487755968,2030,19040.19875534484,96389,405800,323700,18500,18350,-15067.0,729500,9000.0,-0.0015056180942912,-0.0015067526761871,0.0058121018058876,42.9229794921755,19102.077795130936,19144.100233181525,-2.4927183332801303e-05,0.7976835879743717,729500,9000.0,150,0.0017584326855651,1,TRANSITION,,,,1063,,,False
2025-10-27 23:38:46.418223,19088.680248481927,19093.468501188265,19078.88526790939,19086.90647341236,4070,19100.4612872694,79106,389900,320500,17000,19800,-17283.0,710400,-19100.0,0.002219521789432,0.0022170622895476,0.0059191263885436,43.3450533450413,19097.02068789141,19136.95101321038,0.0031245224730123,0.8220056424724288,710400,-19100.0,-2800,0.0017750045370129,0,TRENDED_UP,,,,1064,,,False
2025-10-27 23:43:46.418223,19075.48400072928,19080.80951930289,19068.92929769668,19078.44069105109,740,19088.369129369326,103690,394600,312100,16350,18900,24584.0,706700,-3700.0,-0.0004435387354707,-0.000443637127871,0.0058958498100267,41.53306208580104,19090.827355611305,19129.63722294047,0.0036314844456113,0.7909275215408008,706700,-3700.0,-2550,0.001755558411786,1,TRANSITION,,,,1065,,,False
2025-10-27 23:48:46.418223,19085.59202660389,19086.33748821627,19080.89347936906,19085.05201419762,2180,19080.87884485389,143450,411100,316500,18050,18300,39760.0,727600,20900.0,0.0003465337263977,0.0003464736974549,0.005820978897871,39.13047173432811,19088.902241806743,19124.064071847613,0.0022425777396068,0.7698856725857456,727600,20900.0,-250,0.0017533262891622,1,TRANSITION,,,,1066,,,False
2025-10-27 23:53:46.418223,19084.43965677584,19099.89281024222,19076.41036053753,19096.07134401644,1080,19094.92421891911,99711,414000,326100,16500,16950,-43739.0,740100,12500.0,0.0005773801303041,0.0005772135105281,0.0055848625485931,38.012755875068265,19091.29194254331,19120.56498086872,-9.860751957213588e-05,0.7876811594202898,740100,12500.0,-450,0.0017360116194582,1,TRANSITION,,,,1067,,,False
2025-10-27 23:58:46.418223,19098.29161110675,19100.217224099943,19075.10174392172,19079.66025492556,3500,19082.70450065289,82372,393500,322900,18100,19900,-17339.0,716400,-23700.0,-0.0008593960922764,-0.0008597655848063,0.0055493245754197,37.09152189672232,19087.41471333739,19115.45189012582,0.000423482846628,0.820584498094028,716400,-23700.0,-1800,0.0017406017192964,0,TRENDED_UP,,,,1068,,,False
2025-10-28 00:03:46.418223,19100.68349410726,19111.89210139338,19100.25748648076,19102.05480797164,900,19106.09734175294,90657,403100,320000,18500,19250,8285.0,723100,6700.0,0.0011737396131201,0.0011730513193128,0.0054652722796095,36.74440222322937,19092.294744882143,19113.777254856548,-0.0004348776930627,0.7938476804763086,723100,6700.0,-750,0.0016936855107923,1,TRANSITION,,,,1069,,,False
2025-10-28 00:08:46.418223,19064.15044055383,19064.589671160527,19034.03919325509,19046.821325828536,870,19046.71056113125,103004,395700,323600,18200,18650,12347.0,719300,-3800.0,-0.0028914942763148,-0.0028956827217498,0.0057019756088547,38.97806025846661,19077.13693853094,19105.40776372805,-0.003632851430955,0.8177912560020217,719300,-3800.0,-450,0.0017101544409142,1,TRANSITION,,,,1070,,,False
2025-10-28 00:13:46.418223,19092.8521368516,19110.35845700009,19074.38851117972,19100.10467411372,1660,19097.36422166839,94627,396200,317200,16050,16400,-8377.0,713400,-5900.0,0.0027974929450789,0.002793587244108,0.0059309169115694,40.73227960940138,19084.792850391867,19104.744877526253,-0.0002717430500641,0.8006057546693589,713400,-5900.0,-350,0.0016877447948165,0,TRENDED_UP,,,,1071,,,False
2025-10-28 00:18:46.418223,19078.907328124256,19079.680811285223,19077.78607711689,19078.00624359467,3240,19084.082767787924,91848,408500,329200,17050,18450,-2779.0,737700,24300.0,-0.0011569795504314,-0.0011576493679648,0.0059009805444008,39.41701656564647,19082.530648126136,19101.402548284805,-0.0028805121275216,0.805875152998776,737700,24300.0,-1400,0.0016924974990646,1,TRANSITION,,,,1072,,,False
2025-10-28 00:23:46.418223,19034.60281564245,19043.17180129702,19028.655419781306,19038.596370219937,3190,19052.339292311925,126548,412400,318100,17000,16250,34700.0,730500,-7200.0,-0.0020657228471117,-0.0020678593954031,0.0059822051366229,40.12657422619783,19067.885888824072,19093.551776026696,-0.0057066607305252,0.7713385063045587,730500,-7200.0,750,0.0016999306412782,0,TRENDED_UP,,,,1073,,,False
2025-10-28 00:28:46.418223,19022.57346131368,19046.726248046525,19012.517672657905,19014.35682277377,1760,19018.47152246976,110345,404500,325400,18100,17900,-16203.0,729900,-600.0,-0.0012731793339596,-0.0012739905153598,0.0058119423984415,39.70386002351372,19050.042866807307,19083.65240687008,-0.0041409896562505,0.8044499381953029,729900,-600.0,200,0.0017084019776465,1,TRANSITION,,,,1074,,,False
2025-10-28 00:33:46.418223,19065.63482262564,19078.212277373368,19053.14811713199,19077.83172820331,4540,19079.97772364562,97629,404200,326400,16150,18750,-12716.0,730600,700.0,0.0033382620312201,0.0033327024040836,0.0058488547227688,41.42897392180516,19059.305820605976,19082.924822036734,-0.0039521706342939,0.8075210291934686,730600,700.0,-2600,0.0017596287950027,1,TRANSITION,,,,1075,,,False
2025-10-28 00:38:46.418223,19090.156260579966,19113.510161680315,19089.4466285988,19100.09960388866,4480,19101.64572211489,97782,399200,316700,19300,18650,153.0,715900,-14700.0,0.0011672120816763,0.0011665314192548,0.0056445270784179,41.01822103289089,19072.90374836688,19085.071669768226,-0.0055743103715679,0.7933366733466933,715900,-14700.0,650,0.0017648678176861,0,TRENDED_UP,,,,1076,,,False
2025-10-28 00:43:46.418223,19080.365937878683,19087.2135345592,19078.60528335305,19085.9330572999,520,19083.470645657795,103463,403300,319100,18600,17350,5681.0,722400,6500.0,-0.0007417001420179,-0.000741975337652,0.0055749339398163,39.623656711656565,19077.24685134455,19085.17934320969,-0.0045253845403665,0.7912224150756261,722400,6500.0,1250,0.0017640412041068,1,TRANSITION,,,,1077,,,False
2025-10-28 00:48:46.418223,19070.56331326476,19075.51554518525,19063.6806665308,19069.328329836528,3420,19069.29790614485,111206,392900,320500,17650,17750,7743.0,713400,-9000.0,-0.0008699982030493,-0.0008703768711288,0.0055657980891972,38.38285200147391,19074.60734417521,19083.19796653804,-0.0060945148458767,0.8157291931789259,713400,-9000.0,-100,0.0017575143828737,0,TRENDED_UP,,,,1078,,,False
2025-10-28 00:53:46.418223,19061.55550453466,19083.035079233603,19060.608966636628,19067.081995448843,4220,19077.394108785506,125646,397500,319500,17750,18750,14440.0,717000,3600.0,-0.0001177982962393,-0.0001178052350034,0.0055219190645379,37.24308490115256,19072.098894599752,19081.183470151893,-0.0071897178342252,0.8037735849056604,717000,3600.0,-1000,0.0017574226733643,1,TRANSITION,,,,1079,,,False
2025-10-28 00:58:46.418223,19121.218368832688,19126.85389286132,19110.728819140204,19114.4600452548,4790,19106.40798334294,91761,406100,310300,17400,16050,-33885.0,716400,-600.0,0.0024848086255286,0.002481726593027,0.0057307575818931,38.85228579481855,19086.219278151435,19085.34304203976,-0.0041451892124366,0.7640975129278503,716400,-600.0,1350,0.0017241257897814,0,TRENDED_UP,,,,1080,,,False
2025-10-28 01:03:46.418223,19132.36743689168,19155.696111841768,19127.42990818381,19140.551839507225,650,19144.782494765244,80111,401200,327700,19450,16450,-11650.0,728900,12500.0,0.0013650291031321,0.0013640982978611,0.0057771838645603,39.02255585140087,19104.3301319367,19092.24414172319,-0.0034540313071855,0.8167996011964108,728900,12500.0,3000,0.0017061060265915,1,TRANSITION,,,,1081,,,False
2025-10-28 01:08:46.418223,19144.904438588223,19168.51959765412,19138.65814267968,19160.69401563578,4470,19164.686843684307,88877,386900,325600,17750,18650,8766.0,712500,-16400.0,0.0010523299587936,0.0010517766477651,0.0057315107919134,38.36819150304689,19123.118093169727,19100.800375962262,-0.0006608441579026,0.8415611269061773,712500,-16400.0,-900,0.0017106936546517,0,TRENDED_UP,,,,1082,,,False
2025-10-28 01:13:46.418223,19174.706076141127,19198.213770197723,19168.84650501592,19184.97039754593,3140,19189.48883793787,82488,402200,321100,19600,17000,-6389.0,723300,10800.0,0.0012669886534557,0.0012661867006382,0.0057650822326515,38.307588864396486,19143.735527961795,19111.321628660226,-8.097800507422814e-05,0.7983590253605172,723300,10800.0,2600,0.0017169212114026,1,TRANSITION,,,,1083,,,False
2025-10-28 01:18:46.418223,19181.767190923696,19185.95030699272,19169.707576690584,19174.76965856481,2880,19182.7890325979,69479,406500,318900,16250,19550,-13009.0,725400,2100.0,-0.0005317047026784,-0.0005318461077514,0.0057618891140011,36.73152753852072,19154.0802381628,19119.252632398297,-0.0011990220762972,0.7845018450184502,725400,2100.0,-3300,0.001718093955985,1,TRANSITION,,,,1084,,,False
2025-10-28 01:23:46.418223,19174.507053692112,19180.442372377525,19161.53483661424,19177.9720531418,3120,19182.15953225347,128211,390500,321200,16950,16300,58732.0,711700,-13700.0,0.0001670108498832,0.0001669969051238,0.0056240346583302,35.45838526886113,19162.044176489137,19126.59255999124,-0.003128442722224,0.8225352112676056,711700,-13700.0,650,0.0017167832916715,0,TRENDED_UP,,,,1085,,,False
2025-10-28 01:28:46.418223,19169.052207469485,19169.71961112033,19125.806104121137,19156.658058587505,4470,19157.880486513983,117091,402300,316900,17100,17100,-11120.0,719200,7500.0,-0.0011113789557745,-0.0011119969953252,0.0056266822583539,36.651782679704056,19160.248803855266,19130.35074731577,-0.0031732611720662,0.7877206065125528,719200,7500.0,0,0.0017236290146142,1,TRANSITION,,,,1086,,,False
2025-10-28 01:33:46.418223,19167.185196498493,19179.277313662737,19163.393938433783,19172.670752047987,1830,19172.72852261308,54329,387600,325600,17650,17500,-62762.0,713200,-6000.0,0.0008358813636235,0.0008355322093507,0.0056127111803557,35.649459279384565,19164.38945325284,19135.64074790729,-0.0033935305738075,0.8400412796697626,713200,-6000.0,150,0.0017194378053749,0,TRENDED_UP,,,,1087,,,False
2025-10-28 01:38:46.418223,19166.30672023145,19177.17777004621,19165.97828818004,19170.624921841503,2620,19181.92606521675,104358,410700,319300,17000,17700,50029.0,730000,16800.0,-0.0001067055410767,-0.0001067112345189,0.005004493705846,33.90303232129805,19166.4679427824,19140.01376964907,0.0009166973847802,0.7774531288044801,730000,16800.0,-700,0.001695237306722,1,TRANSITION,,,,1088,,,False
2025-10-28 01:43:46.418223,19187.42897017236,19190.055050463863,19153.379770933,19169.49048607134,640,19179.31131496233,92465,400200,312600,17550,17150,-11893.0,712800,-17200.0,-5.917573239211382e-05,-5.917748334383077e-05,0.0049297060818276,34.101049979124184,19167.475457212044,19143.69835920185,-0.0006345697227203,0.7811094452773614,712800,-17200.0,400,0.0016915094878864,0,TRENDED_UP,,,,1089,,,False
2025-10-28 01:48:46.418223,19189.115980612303,19189.25289834122,19174.999212837723,19177.969178149684,4850,19198.36094508241,90081,398800,325500,16200,19650,-2384.0,724300,11500.0,0.0004423013790848,0.0004422035926623,0.0048121875840517,33.07686157132102,19170.973364191257,19147.98221157033,0.0016840617832902,0.8161985957873621,724300,11500.0,-3450,0.0016911922971675,1,TRANSITION,,,,1090,,,False
2025-10-28 01:53:46.418223,19210.4077485714,19211.844667452548,19203.11909379748,19207.68814174344,3770,19209.910537938915,50269,399100,320100,16550,19700,-39812.0,719200,-5100.0,0.0015496408049096,0.0015484413505877,0.0048382052836504,33.13390640928834,19183.21162337532,19155.44545284197,0.0043038916259989,0.8020546229015284,719200,-5100.0,-3150,0.0016998536290167,1,TRANSITION,,,,1091,,,False
2025-10-28 01:58:46.418223,19208.274073525987,19209.213619117803,19199.72245118616,19205.3845752856,4670,19205.548514326787,99495,395800,319700,17300,16250,49226.0,715500,-3700.0,-0.0001199293970645,-0.0001199365891704,0.0045375640961796,31.445139375171067,19190.60260734541,19161.687843147425,0.0069222698521977,0.8077311773623042,715500,-3700.0,1050,0.0016698739908697,0,TRENDED_UP,,,,1092,,,False
2025-10-28 02:03:46.418223,19210.731982942667,19214.91997798808,19173.658138992385,19199.11451431973,4090,19205.564458163444,101538,398400,328700,16150,17050,2043.0,727100,11600.0,-0.0003264741167401,-0.0003265274210164,0.0044343011742788,32.1463322052085,19193.439909670185,19166.36617704396,0.008111366507997,0.8250502008032129,727100,11600.0,-900,0.0016462442193516,1,TRANSITION,,,,1093,,,False
2025-10-28 02:08:46.418223,19153.429376246266,19165.23729649287,19140.343854696064,19157.15451455702,1780,19163.451566027103,76462,400200,317700,19850,18500,-25076.0,717900,-9200.0,-0.0021855174482871,-0.0021879091769569,0.0044945022758305,34.04806987795532,19181.3447779658,19165.21471923309,0.0036804309405777,0.7938530734632684,717900,-9200.0,1350,0.001667920793189,0,TRENDED_UP,,,,1094,,,False
2025-10-28 02:13:46.418223,19179.965501926043,19186.142957338267,19172.890619653364,19182.377129498105,4010,19189.875645857428,132454,396400,321800,16850,16450,55992.0,718200,300.0,0.0013166159369817,0.001315749958243,0.0045317982308915,33.686667942476134,19181.68889514324,19167.36002051622,0.0054478476585231,0.8118062563067608,718200,300.0,400,0.0016691017372563,1,TRANSITION,,,,1095,,,False
2025-10-28 02:18:46.418223,19190.128448687898,19194.4806309172,19181.67740215495,19188.26442388976,1710,19196.97856815744,115826,393000,321800,19150,19700,-16628.0,714800,-3400.0,0.0003069116174658,0.0003068645297297,0.0045313680891155,32.19499371531725,19183.880738058742,19169.97307093791,0.0054080234947937,0.8188295165394402,714800,-3400.0,-550,0.0016563239136542,0,TRENDED_UP,,,,1096,,,False
2025-10-28 02:23:46.418223,19219.07006552463,19234.27449447513,19204.68857730621,19211.807260626392,2900,19219.26148187384,78673,402200,317200,19250,17050,-37153.0,719400,4600.0,0.001226939352958,0.0012261872779735,0.0045655136631575,33.181784920320965,19193.18957891463,19175.202344648973,0.0060607186957446,0.7886623570363004,719400,4600.0,2200,0.0016221172159787,1,TRANSITION,,,,1097,,,False
2025-10-28 02:28:46.418223,19135.947526261265,19146.46235783225,19127.559311547848,19145.981528532026,1640,19155.985485418954,120461,395400,317300,18050,18000,41788.0,712700,-6700.0,-0.003426316493882,-0.0034321997587021,0.0049833823470368,36.82936807447978,19177.45356212043,19171.54974263436,0.0034760196313949,0.802478502781993,712700,-6700.0,50,0.0016745931440246,0,TRENDED_UP,,,,1098,,,False
2025-10-28 02:33:46.418223,19196.178018346705,19216.67292867737,19189.83886493704,19212.066763164545,2460,19222.871660120345,90688,398700,323800,19200,17900,-29773.0,722500,9800.0,0.0034516503911818,0.0034457071181108,0.0053039460156177,39.2480846509701,19188.991295801803,19176.614370200627,0.0057591686495945,0.8121394532229746,722500,9800.0,1300,0.0017122728979191,1,TRANSITION,,,,1099,,,False
2025-10-28 02:38:46.418223,19192.350980638083,19199.346028263302,19184.012273398625,19187.71063977873,2710,19198.60452801972,121102,392500,309600,19650,17000,30414.0,702100,-20400.0,-0.0012677513401376,-0.0012685556166882,0.0050608483305782,38.44854215918082,19188.56441046077,19178.001403897888,0.007396998771608,0.7887898089171974,702100,-20400.0,2650,0.001720919653258,0,TRENDED_UP,,,,1100,,,False
2025-10-28 02:43:46.418223,19224.472705182507,19231.12774446333,19198.68393935963,19218.58841208757,2630,19209.39421277224,71142,387800,314100,16150,17800,-49960.0,701900,-200.0,0.0016092473400568,0.0016079538890245,0.0049026709942511,38.80343948242546,19198.57241100305,19183.0747799216,0.0062033030706074,0.8099535843218154,701900,-200.0,-1650,0.0017302764961383,1,TRANSITION,,,,1101,,,False
2025-10-28 02:48:46.418223,19194.70056251113,19205.74143875894,19183.493334213737,19199.414854536928,4530,19204.59321071365,103401,395100,324800,19350,17250,32259.0,719900,18000.0,-0.0009976569110865,-0.0009981549019855,0.0048885634110921,38.53855651038343,19198.853225514344,19185.11728924852,0.0063637997279206,0.8220703619336877,719900,18000.0,2100,0.0017266570649848,1,TRANSITION,,,,1102,,,False
2025-10-28 02:53:46.418223,19212.54381528935,19218.05878247849,19201.66052787795,19209.104487716577,1290,19207.62609632136,75674,399500,312500,17700,17200,-27727.0,712000,-7900.0,0.0005046837756808,0.0005045564656569,0.0047015220818065,37.11751161261039,19202.27031291509,19188.115689057027,0.0089559185026553,0.7822277847309136,712000,-7900.0,500,0.0017251369668699,0,TRENDED_UP,,,,1103,,,False
2025-10-28 02:58:46.418223,19182.40142156323,19187.546274941145,19172.869387949104,19181.06443503315,3120,19190.97403140068,83252,398300,317000,17900,16050,7578.0,715300,3300.0,-0.0014597272195253,-0.0014607936592376,0.004723686488945,37.05448219510057,19195.20168695445,19187.23428230404,0.0087674599679179,0.7958825006276676,715300,3300.0,1850,0.0016946391329755,1,TRANSITION,,,,1104,,,False
2025-10-28 03:03:46.418223,19164.653381214448,19181.651629246244,19160.791072389085,19171.74097935201,1840,19162.44861846733,61366,392200,319900,17950,17450,-21886.0,712100,-3200.0,-0.0004860760315319,-0.0004861942047806,0.0043862475770352,35.897773242390414,19187.381451086967,19185.29761943504,0.0049224278988617,0.8156552779194288,712100,-3200.0,500,0.001647432585059,0,TRENDED_UP,,,,1105,,,False
2025-10-28 03:08:46.418223,19219.94726282451,19223.862943711432,19198.984711035693,19201.598401170588,3550,19213.902162973987,75310,396000,319000,16200,16050,13944.0,715000,2900.0,0.0015573662220209,0.0015561547848506,0.0044217135093537,37.056644036464185,19192.12043444817,19187.33521715198,0.0053140454441014,0.8055555555555556,715000,2900.0,150,0.0016194958059021,1,TRANSITION,,,,1106,,,False
2025-10-28 03:13:46.418223,19214.6428358744,19236.037025649795,19214.092620629894,19227.30819003527,2910,19226.165897303283,75194,395000,320600,19700,16300,-116.0,715600,600.0,0.0013389400365291,0.0013380444556485,0.0044354182138776,36.86964263951729,19203.84968631054,19192.331838762395,0.0074072948024566,0.8116455696202531,715600,600.0,3400,0.0016112619269534,0,TRENDED_UP,,,,1107,,,False
2025-10-28 03:18:46.418223,19221.10291051513,19222.98816261897,19215.83568513431,19221.801410434,4350,19219.33796181873,72692,399200,318000,19550,19550,-2502.0,717200,1600.0,-0.0002864040845887,-0.000286445106072,0.0043983051757424,35.05556137247757,19209.83359435169,19196.015535221348,0.0079957237066867,0.7965931863727455,717200,1600.0,0,0.0016094714443156,1,TRANSITION,,,,1108,,,False
2025-10-28 03:23:46.418223,19246.397242292784,19247.593269012203,19229.549841915155,19242.43736203142,3520,19248.34238107546,103772,404700,314900,16900,19050,31080.0,719600,2400.0,0.0010735701174304,0.0010729942531497,0.0044157903845258,34.39386831574391,19220.70151691161,19201.818263572608,0.00919675945299,0.778107239930813,719600,2400.0,-2150,0.001610398240617,0,TRENDED_UP,,,,1109,,,False
2025-10-28 03:28:46.418223,19260.905307440506,19262.941033257503,19252.89674434252,19260.045942143177,3190,19261.74118775109,64676,403800,318500,19350,19700,-39096.0,722300,2700.0,0.0009150909409481,0.0009146725004871,0.0042429163132027,33.40171138076797,19233.81632532213,19209.09672339393,0.0076165320152228,0.7887568103021297,722300,2700.0,-350,0.0016123240961682,1,TRANSITION,,,,1110,,,False
2025-10-28 03:33:46.418223,19265.4442576579,19272.636157471334,19263.96500349929,19265.08235007461,3360,19279.219391007773,105976,398700,317700,18750,19650,41300.0,716400,-5900.0,0.0002614951151498,0.0002614609312612,0.0041920393049795,31.9151759484386,19244.23833357296,19216.094926729013,0.0065061086854532,0.7968397291196389,716400,-5900.0,-900,0.001610552151881,0,TRENDED_UP,,,,1111,,,False
2025-10-28 03:38:46.418223,19276.18660971259,19279.32455908877,19241.22494879169,19259.501130020497,990,19271.22843177771,120117,407800,324500,19800,18050,14141.0,732300,15900.0,-0.0002897065246175,-0.0002897484976589,0.0041718288206152,32.356921259055994,19249.325932388805,19221.52070214045,0.0051567607261033,0.7957332025502697,732300,15900.0,1750,0.0015938855849523,1,TRANSITION,,,,1112,,,False
2025-10-28 03:43:46.418223,19345.998515856634,19382.489564722426,19344.89760725701,19360.45905222144,2380,19361.36414572995,82218,405600,317600,16200,16000,-37899.0,723200,-9100.0,0.0052419801281131,0.0052282887759691,0.0050428778193355,38.830600790689765,19286.37030566635,19238.88799590057,0.0091471944464378,0.7830374753451677,723200,-9100.0,200,0.0017258235078184,0,TRENDED_UP,,,,1113,,,False
2025-10-28 03:48:46.418223,19344.519992600097,19353.16281350457,19334.023440712182,19344.919704859927,3460,19354.83872515551,98301,404500,321300,16150,19900,16083.0,725800,2600.0,-0.0008026332082103,-0.0008029554907054,0.0050603324624689,37.94524441344449,19305.88677206421,19252.14195952049,0.0088736422561988,0.7943139678615575,725800,2600.0,-3750,0.0017291896592399,1,TRANSITION,,,,1114,,,False
2025-10-28 03:53:46.418223,19350.549624108746,19359.849678146187,19350.17659225533,19354.835791463152,630,19355.540577097065,93287,393800,315600,17850,16600,-5014.0,709400,-16400.0,0.0005125938362378,0.0005124625048953,0.0050612396463523,36.30129647578846,19322.20311186385,19264.97868851332,0.0092222336038068,0.8014220416455053,709400,-16400.0,1250,0.0017105254293887,0,TRENDED_UP,,,,1115,,,False
2025-10-28 03:58:46.418223,19381.263589100166,19395.61543960497,19376.576631330507,19390.484707560987,4380,19391.140602580475,91769,400400,311000,16350,16350,-1518.0,711400,2000.0,0.0018418609427601,0.0018401667968284,0.0050629831262948,36.62117873764779,19344.9636437629,19280.66694089428,0.0122060250936442,0.7767232767232767,711400,2000.0,0,0.0017180436299804,1,TRANSITION,,,,1116,,,False
2025-10-28 04:03:46.418223,19413.62412185626,19422.06212726597,19401.3182049762,19403.711889797047,2810,19411.74998275947,48890,406300,331800,18750,16950,-42879.0,738100,26700.0,0.0006821480966332,0.0006819155393742,0.0050593377041994,36.26091023531461,19364.54639244095,19296.04755950712,0.012050545317187,0.8166379522520305,738100,26700.0,1800,0.0017153691503927,1,TRANSITION,,,,1117,,,False
2025-10-28 04:08:46.418223,19448.416237494454,19453.126076098142,19446.778489163386,19453.02037677905,3100,19465.40713277388,77463,398300,319000,16100,16850,28573.0,717300,-20800.0,0.00254118836963,0.0025379650100862,0.0051934183132361,37.20042995429895,19394.03772055365,19315.669161666112,0.0147306337737487,0.800903841325634,717300,-20800.0,-750,0.0016348624178501,0,TRENDED_UP,,,,1118,,,False
2025-10-28 04:13:46.418223,19467.25327504195,19468.590212794235,19458.77328063024,19464.64815659028,2410,19465.96548981037,129228,396100,322100,19900,17450,51765.0,718200,900.0,0.0005977364741316,0.000597557900841,0.0051836551951338,35.655387530076425,19417.57453256586,19334.29153603164,0.0153972621616313,0.8131784902802323,718200,900.0,2450,0.00162749176282,2,SIDEWAYS,,,,1119,,,False
2025-10-28 04:18:46.418223,19434.099461864964,19470.69561868841,19420.74229581722,19442.327575598443,4620,19444.087521686703,106476,402500,314800,16250,19300,-22752.0,717300,-900.0,-0.0011467240924301,-0.0011473820835732,0.0052691671009356,36.67666862587011,19425.82554691005,19347.79604097748,0.0137844833826281,0.782111801242236,717300,-900.0,-3050,0.0016140850564408,2,SIDEWAYS,,,,1120,,,False
2025-10-28 04:23:46.418223,19481.96906815167,19483.762829694253,19457.74785970052,19461.247778749563,2520,19466.898574206425,95172,402400,330800,19800,16050,-11304.0,733200,15900.0,0.0009731449630991,0.0009726717645079,0.0052391544057036,37.01656758800865,19437.632957523223,19361.977508199,0.013200945118172,0.8220675944333996,733200,15900.0,3750,0.0016072575428591,2,SIDEWAYS,,,,1121,,,False
2025-10-28 04:28:46.418223,19448.692740955725,19459.68299038178,19436.18613109032,19447.72911365684,3100,19446.40283410627,59585,396200,310900,17900,19900,-35587.0,707100,-26100.0,-0.000694645340649,-0.0006948867185112,0.0052699019904846,36.16264473595403,19440.998342901097,19372.696458881222,0.0126185725373653,0.7847046945986875,707100,-26100.0,-2000,0.0015635233645957,2,SIDEWAYS,,,,1122,,,False
2025-10-28 04:33:46.418223,19457.71811766136,19460.37420045341,19442.46988621346,19451.853360463487,1620,19464.87877114113,111863,379700,323000,19650,19750,52278.0,702700,-4400.0,0.0002120682976682,0.0002120458143668,0.0052532219729284,34.858478271953715,19444.616682088563,19382.59107157901,0.0131640886851971,0.8506715828285488,702700,-4400.0,-100,0.0015450493168448,2,SIDEWAYS,,,,1123,,,False
2025-10-28 04:38:46.418223,19435.91019467162,19460.276522826727,19431.88083400498,19440.110906616123,4230,19438.72937992133,81766,410000,317300,16050,19800,-30097.0,727300,24600.0,-0.0006036676109861,-0.0006038498916414,0.0050611366902448,34.396850454081815,19443.114756931085,19389.781050958645,0.0147702724767444,0.7739024390243903,727300,24600.0,-3750,0.0015302015830849,2,SIDEWAYS,,,,1124,,,False
2025-10-28 04:43:46.418223,19434.234745276142,19439.69598467004,19427.19661253795,19438.80221981513,4010,19438.99742174657,75250,394900,321300,17000,18700,-6516.0,716200,-11100.0,-6.731889582722861e-05,-6.732116184515746e-05,0.0050465366050515,32.86238214151677,19441.6772445591,19395.908697065708,0.0133677431418393,0.8136237022030894,716200,-11100.0,-1700,0.0015278479979644,2,SIDEWAYS,,,,1125,,,False
2025-10-28 04:48:46.418223,19444.01541674436,19444.17121466236,19434.07992122168,19437.13587234025,850,19451.328319297536,77255,407100,321100,18250,19500,2005.0,728200,12000.0,-8.57227444384101e-05,-8.572641884363463e-05,0.0050550520150992,31.235875805742754,19440.163453819485,19401.062093975022,0.0129699822220836,0.7887496929501351,728200,12000.0,-1250,0.0015287006981726,2,SIDEWAYS,,,,1126,,,False
2025-10-28 04:53:46.418223,19453.58492295264,19461.31383596736,19443.16748514677,19446.657755579312,1280,19451.7989954509,110212,404600,319000,19850,18150,32957.0,723600,-4600.0,0.0004898809835769,0.0004897610310621,0.0050333993977028,30.73173922155466,19442.328221072763,19406.76155167556,0.0122242791511986,0.7884330202669303,723600,-4600.0,1700,0.001528478109034,2,SIDEWAYS,,,,1127,,,False
2025-10-28 04:58:46.418223,19466.095286544256,19475.571598284485,19457.915653498043,19465.018175239627,3240,19480.2607449048,98580,398500,315600,19400,16000,-11632.0,714100,-9500.0,0.0009441426846239,0.000943697262258,0.0045014094360791,30.601889470384545,19449.891539128384,19414.043629621065,0.0166633737858861,0.791969887076537,714100,-9500.0,3400,0.001522943062159,2,SIDEWAYS,,,,1128,,,False
2025-10-28 05:03:46.418223,19513.46647959577,19518.37967403512,19495.63871756681,19504.71818057232,4970,19507.33604033515,117291,383600,320000,19700,18850,18711.0,703600,-10500.0,0.0020395565508997,0.0020374794791617,0.0042619194879181,32.22757585074946,19468.167086276364,19425.37794848997,0.0152326879255322,0.8342022940563086,703600,-10500.0,850,0.0015350626674366,2,SIDEWAYS,,,,1129,,,False
2025-10-28 05:08:46.418223,19526.94130415588,19536.63312184262,19526.52117251072,19535.161987255942,3270,19553.83478213624,122514,399500,321500,17300,16050,5223.0,721000,17400.0,0.0015608431971063,0.0015596263474062,0.0041703709910455,32.20524480928885,19490.498719936222,19439.10095333572,0.0181080147600778,0.804755944931164,721000,17400.0,1250,0.0014823667273787,2,SIDEWAYS,,,,1130,,,False
2025-10-28 05:13:46.418223,19519.986364009343,19527.46369809269,19509.68041325417,19516.38290425024,2110,19523.89075905739,85210,400300,318200,18000,19150,-37304.0,718500,-2500.0,-0.000961296508212,-0.0009617588500212,0.004218262946435,31.724982608752004,19499.126781374227,19448.76119720003,0.0154951282465347,0.7949038221333999,718500,-2500.0,-1150,0.0014596380316734,2,SIDEWAYS,,,,1131,,,False
2025-10-28 05:18:46.418223,19548.430720766428,19559.456647117106,19499.859819023088,19520.017191860683,3610,19519.514926479827,99146,402800,316200,19000,18800,13936.0,719000,500.0,0.0001862172733686,0.0001861999370831,0.0041286549692289,33.715828714842424,19506.09025153638,19457.66819653261,0.0166985473126539,0.7850049652432969,719000,500.0,200,0.0014462146243254,2,SIDEWAYS,,,,1132,,,False
2025-10-28 05:23:46.418223,19583.536110973,19586.5705287743,19559.09531204631,19579.86594033248,660,19579.271666229262,93939,399700,323500,19800,17350,-5207.0,723200,4200.0,0.0030660192500624,0.0030613285983491,0.0043692985342553,36.06136501475492,19530.68214780175,19472.942914507592,0.0193013397815076,0.8093570177633225,723200,4200.0,2450,0.0014505514273849,2,SIDEWAYS,,,,1133,,,False
2025-10-28 05:28:46.418223,19547.70341559197,19560.151251881147,19534.78679483837,19537.552842295,2530,19532.919269895607,72764,399300,328000,19000,19850,-21175.0,727300,4100.0,-0.0021610514681982,-0.0021633899095245,0.0044992817006481,36.70549219185144,19532.9723792995,19481.01915548102,0.01858543400807,0.8214375156523916,727300,4100.0,-850,0.001473017116817,2,SIDEWAYS,,,,1134,,,False
2025-10-28 05:33:46.418223,19565.42361863148,19569.479794108167,19529.671093667894,19549.46531744732,4890,19545.470492048407,75641,416700,320900,16750,19650,2877.0,737600,10300.0,0.000609721967151,0.0006095361622353,0.0044522851127306,36.92714992388157,19538.47002534877,19489.574925726807,0.0197021406924973,0.7700983921286297,737600,10300.0,-2900,0.0014238998116432,2,SIDEWAYS,,,,1135,,,False
2025-10-28 05:38:46.418223,19586.208417739712,19595.95426003496,19572.54289760776,19574.090169720766,660,19574.13206854357,96716,408400,313600,17400,17150,21075.0,722000,-15600.0,0.0012596176863961,0.0012588250335934,0.0044351242565249,37.61013511414996,19550.343406806107,19500.13933122605,0.0193989979775575,0.7678746327130265,722000,-15600.0,250,0.0014247837948401,2,SIDEWAYS,,,,1136,,,False
2025-10-28 05:43:46.418223,19577.663932940683,19584.115964782715,19577.33656045232,19578.734914087163,2510,19576.826388173035,98858,402100,313800,16900,18600,2142.0,715900,-6100.0,0.0002372904347596,0.0002372622858377,0.0044212738180118,35.63982511042131,19559.80724256646,19509.96377908369,0.0182774791238859,0.7804028848545138,715900,-6100.0,-1700,0.001416968386587,2,SIDEWAYS,,,,1137,,,False
2025-10-28 05:48:46.418223,19618.30151574887,19649.0165922332,19617.49820143342,19631.334353936225,2590,19620.07815205392,98902,397700,314100,17650,16550,44.0,711800,-4100.0,0.00268655968222,0.0026829573312685,0.0045427922683467,38.11424318439399,19583.64961302305,19525.135100940257,0.0213056484539437,0.7897912999748554,711800,-4100.0,1100,0.0014360432522354,2,SIDEWAYS,,,,1138,,,False
2025-10-28 05:53:46.418223,19614.08239888546,19629.92053775288,19604.36174680447,19617.15381192368,4510,19626.029716706173,98933,408600,314500,16500,18600,31.0,723100,11300.0,-0.0007223422390389,-0.0007226032538962,0.0046085095756528,37.318412037777016,19594.817679323263,19536.63743981319,0.0194734400243721,0.7697014194811551,723100,11300.0,-2100,0.0014424481028645,2,SIDEWAYS,,,,1139,,,False
2025-10-28 05:58:46.418223,19617.973525986406,19636.14975975673,19604.69488779262,19612.02434227969,4780,19620.50852982492,83680,399700,318500,16300,17800,-15253.0,718200,-4900.0,-0.0002614787901021,-0.0002615129816412,0.0046339230286413,36.899587746800776,19600.55323364208,19546.0608026215,0.0182750550644503,0.7968476357267951,718200,-4900.0,-1500,0.0014210488839556,2,SIDEWAYS,,,,1140,,,False
2025-10-28 06:03:46.418223,19613.07733910981,19618.77316847464,19610.1562047238,19617.54818122936,1270,19623.28657033822,142428,392800,322800,17500,17550,58748.0,715600,-2600.0,0.0002816557257561,0.0002816160682286,0.0046334363465658,34.879400318518066,19606.218216171168,19554.996724947483,0.0182955787444836,0.8217922606924644,715600,-2600.0,-50,0.0014158286487578,2,SIDEWAYS,,,,1141,,,False
2025-10-28 06:08:46.418223,19613.73181040015,19613.885756580115,19604.81597070457,19609.229573289456,1050,19606.47467409572,104636,404000,317900,16000,16950,-37792.0,721900,6300.0,-0.0004240391236995,-0.0004241290537123,0.0046427875956729,33.297458190394465,19607.222001877264,19561.77583099023,0.018158748812233,0.7868811881188119,721900,6300.0,-950,0.0014173143316899,2,SIDEWAYS,,,,1142,,,False
2025-10-28 06:13:46.418223,19581.701062261058,19583.84192285076,19573.87893074434,19574.90033386772,1290,19588.48605135433,88489,399200,315400,17550,18150,-16147.0,714600,-7300.0,-0.0017506674239001,-0.0017522016329696,0.0039574201652823,33.44411421573172,19596.448112540747,19563.41639384992,0.0110762498486147,0.7900801603206413,714600,-7300.0,-600,0.0014389336402871,2,SIDEWAYS,,,,1143,,,False
2025-10-28 06:18:46.418223,19539.64413942442,19544.004611444325,19511.03000378838,19528.366221551867,3550,19531.228095281283,108046,414700,321500,17550,19400,19557.0,736200,21600.0,-0.0023772336779328,-0.0023800637840185,0.0042086177837561,35.61741534884649,19573.754148877782,19559.035122312664,0.009482929859143,0.7752592235350856,736200,21600.0,-1850,0.0014770893303402,2,SIDEWAYS,,,,1144,,,False
2025-10-28 06:23:46.418223,19586.6300299101,19588.594953767875,19555.000274676426,19569.473818553302,1070,19568.49593504551,82975,396200,317700,16650,17000,-25071.0,713900,-22300.0,0.0021050197714986,0.0021028073216697,0.0043297873210097,37.37536655364376,19572.32737210296,19560.339959342746,0.0110896330716905,0.8018677435638566,713900,-22300.0,-350,0.0014950661739797,2,SIDEWAYS,,,,1145,,,False
2025-10-28 06:28:46.418223,19561.95777058433,19565.552382149952,19556.778271271058,19558.1439350436,670,19563.420249746705,100534,406700,322700,17100,19100,17559.0,729400,15500.0,-0.0005789569824283,-0.0005791246427371,0.0042723876438183,35.61252231997239,19567.59955974984,19560.06545630535,0.008646469132215,0.7934595524956971,729400,15500.0,-2000,0.0014878793445302,2,SIDEWAYS,,,,1146,,,False
2025-10-28 06:33:46.418223,19533.084356794545,19544.790208090344,19532.449290991404,19534.62799287029,2570,19539.561888076656,108013,401600,329800,17150,16200,7479.0,731400,2000.0,-0.0012023606253953,-0.0012030840408616,0.0043483512566274,34.90410244370272,19556.609037456656,19556.88577337597,0.006746961808997,0.8212151394422311,731400,2000.0,950,0.0014997333308353,2,SIDEWAYS,,,,1147,,,False
2025-10-28 06:38:46.418223,19470.287321687287,19489.32000233029,19461.429657293265,19469.346676378653,1840,19458.62247125722,111018,385800,320400,19300,16350,3005.0,706200,-25200.0,-0.0033418254248539,-0.0033474217949791,0.0045837505969216,37.63940481036855,19527.521583763988,19545.943386251303,0.000839268107645,0.8304821150855366,706200,-25200.0,2950,0.0015716878532334,2,SIDEWAYS,,,,1148,,,False
2025-10-28 06:43:46.418223,19451.829625754268,19455.4178993094,19439.578422894203,19447.78396684808,3810,19451.49297795197,74853,404400,316200,16650,19350,-36165.0,720600,14400.0,-0.001107520960461,-0.0011081347150057,0.0046155525620367,37.07717971566007,19500.94237812536,19533.6734588259,-0.0008664009545165,0.7818991097922848,720600,14400.0,-2700,0.0015810783605755,2,SIDEWAYS,,,,1149,,,False
2025-10-28 06:48:46.418223,19413.457266353525,19415.5326502957,19387.359812754625,19404.277165986445,590,19408.859713217505,160581,397400,326600,19150,16400,85728.0,724000,3400.0,-0.0022371083993837,-0.002239614464635,0.0047448600208134,38.74482074264552,19468.72064074572,19517.49892222097,-0.0019570912723306,0.8218419728233518,724000,3400.0,2750,0.0016128594788592,2,SIDEWAYS,,,,1150,,,False
2025-10-28 06:53:46.418223,19461.52660141987,19476.38062594185,19460.00059377012,19467.44530113972,1180,19469.126853273247,123636,405500,328000,19750,18900,-36945.0,733500,9500.0,0.0032553717210348,0.00325008447005,0.0050785932665913,41.12758068641399,19468.29552754372,19511.242219585813,0.0003184545236059,0.8088779284833539,733500,9500.0,850,0.0016515494870826,1,TRANSITION,,,,1151,,,False
2025-10-28 06:58:46.418223,19491.22272337219,19508.094029804543,19475.647509461367,19478.38646756832,3900,19474.56020231734,140650,398200,333400,17900,18950,17014.0,731600,-1900.0,0.0005620237406271,0.0005618658644355,0.0050704193763881,41.09337697058602,19471.65917421859,19507.135250583626,0.0015763976211471,0.8372677046710196,731600,-1900.0,-1050,0.0016514893115054,0,TRENDED_UP,,,,1152,,,False
2025-10-28 07:03:46.418223,19471.30847829073,19485.05214893901,19456.80625348552,19478.86361773984,4360,19475.20941443218,94877,399700,338300,19750,18750,-45773.0,738000,6400.0,2.4496391028749898e-05,2.4496090997416783e-05,0.0050695617205952,40.17569971936478,19474.060655392343,19503.60129647815,0.001388569858914,0.8463847885914436,738000,6400.0,1000,0.0016500866547566,1,TRANSITION,,,,1153,,,False
2025-10-28 07:08:46.418223,19537.40192061408,19537.805296525297,19515.20799396681,19527.611562258848,1320,19534.528625586485,104935,408800,327100,16650,17050,10058.0,735900,-2100.0,0.0025026072093143,0.0024994809027507,0.0052417169706685,41.51612679551423,19491.91095768118,19506.60257970074,0.0045010368543187,0.800146771037182,735900,-2100.0,-400,0.0016440875479726,1,TRANSITION,,,,1154,,,False
2025-10-28 07:13:46.418223,19566.390499622343,19571.83017235896,19547.73693418686,19559.02927878248,1580,19567.409937415458,100729,401600,323600,17050,16050,-4206.0,725200,-10700.0,0.0016088868023345,0.0016075939305011,0.0053050523528489,41.70916131727132,19514.283731381613,19513.15591708596,0.0061849005719496,0.8057768924302788,725200,-10700.0,1000,0.0016475139155647,0,TRENDED_UP,,,,1155,,,False
2025-10-28 07:18:46.418223,19557.05472489573,19562.83661938203,19519.57887754864,19542.71172577446,930,19543.99367199686,89058,398800,333200,16350,18700,-11671.0,732000,6800.0,-0.0008342721295335,-0.0008346203282023,0.0053359954090142,41.81977421127976,19523.759729512563,19516.85039317202,0.0054316569132208,0.835506519558676,732000,6800.0,-2350,0.0016542928573019,1,TRANSITION,,,,1156,,,False
2025-10-28 07:23:46.418223,19484.065316624125,19502.054691561792,19475.501365292366,19479.180640534218,4470,19485.310647511687,115152,415000,325700,18100,18600,26094.0,740700,8700.0,-0.0032508838144735,-0.0032561794173027,0.0056796316768329,43.63338751633798,19508.90003318645,19512.14167409229,0.0016724151452489,0.7848192771084337,740700,8700.0,-500,0.0017121870730475,1,TRANSITION,,,,1157,,,False
2025-10-28 07:28:46.418223,19551.331316014228,19565.058071324864,19538.71149649265,19560.8656445204,1810,19562.090634410084,82326,394700,326800,16750,18550,-32826.0,721500,-19200.0,0.0041934517418151,0.0041846837266792,0.0061329048998795,46.65081917878855,19526.2219036311,19518.232170395808,0.0049240883526475,0.8279706105903217,721500,-19200.0,-1800,0.0017183899586778,0,TRENDED_UP,,,,1158,,,False
2025-10-28 07:33:46.418223,19510.816877066565,19525.89224188467,19506.84667589858,19515.84703967172,670,19514.754704519903,113965,397900,317100,17500,18400,31639.0,715000,-6500.0,-0.0023014628118612,-0.0023041152478349,0.0061862045320945,47.17711556757639,19522.76361564464,19517.934029055297,0.000570572668437,0.7969339029907012,715000,-6500.0,-900,0.0017035001699355,0,TRENDED_UP,,,,1159,,,False
2025-10-28 07:38:46.418223,19462.91627108659,19475.71782960012,19462.77998233293,19472.43774490868,1420,19477.58526563591,90038,399400,319500,19050,17550,-23927.0,718900,3900.0,-0.0022243100529942,-0.0022267875050303,0.0062455507284107,47.59782569409169,19505.98832539932,19512.24699353697,-0.0032108380973847,0.799949924887331,718900,3900.0,1500,0.0017224735953266,1,TRANSITION,,,,1160,,,False
2025-10-28 07:43:46.418223,19492.98741107534,19506.328390481067,19487.492456100328,19498.07647011268,4850,19495.25454273909,107980,401700,317200,18250,18250,17942.0,718900,0.0,0.0013166674629991,0.0013158014165082,0.0062757007307761,46.61874139968429,19503.351040303773,19510.47567810893,-0.0009380034316487,0.7896440129449838,718900,0.0,0,0.0017189662049497,0,TRENDED_UP,,,,1161,,,False
2025-10-28 07:48:46.418223,19564.65084403641,19573.70607082388,19548.07236339913,19553.85438661526,3430,19568.874390992263,129232,410300,323700,18200,18550,21252.0,734000,15100.0,0.0028606881600901,0.0028566041785271,0.006488082633976,48.690945636221095,19520.18548907427,19515.898016672225,0.0017334613193213,0.7889349256641481,734000,15100.0,-350,0.0017437389997233,1,TRANSITION,,,,1162,,,False
2025-10-28 07:53:46.418223,19605.51332520109,19608.755831016897,19587.02796761548,19602.270678928395,1970,19597.737573193102,97339,396700,316400,16550,18750,-31893.0,713100,-20900.0,0.0024760485250556,0.0024729881675948,0.0064045606754159,49.13455269089357,19547.547219025648,19526.694599454244,0.001144274361438,0.797580035291152,713100,-20900.0,-2200,0.0017659355405446,0,TRENDED_UP,,,,1163,,,False
2025-10-28 07:58:46.418223,19622.30015457951,19627.305418885782,19603.71492570284,19614.645503833566,2210,19620.238584874423,115604,396600,324100,16250,17700,18265.0,720700,7600.0,0.0006312954814196,0.0006310962982514,0.0062783782734733,47.41313749564313,19569.91331396162,19537.68846250166,0.003945870916427,0.8171961674230963,720700,7600.0,-1450,0.0017504082155327,1,TRANSITION,,,,1164,,,False
2025-10-28 08:03:46.418223,19640.01003701708,19654.544925218263,19622.931033694524,19653.07628925224,1000,19657.892704029426,89821,394000,310200,19600,16750,-25783.0,704200,-16500.0,0.0019592903379856,0.0019573734321127,0.0063594749188301,46.87644348771836,19597.63430572516,19552.111940845483,0.0052999389048482,0.7873096446700507,704200,-16500.0,2850,0.0017584976144413,0,TRENDED_UP,,,,1165,,,False
2025-10-28 08:08:46.418223,19665.3644239542,19672.942965830192,19642.72136130256,19653.596781518983,680,19657.889966347524,76373,408900,318000,18350,18900,-13448.0,726900,22700.0,2.648400988647381e-05,2.6483659191001152e-05,0.0063276358251439,45.68681213342653,19616.2884643231,19564.79754592967,0.0040618292400229,0.7776962582538518,726900,22700.0,-550,0.001752726463655,1,TRANSITION,,,,1166,,,False
2025-10-28 08:13:46.418223,19687.960960901062,19720.21452164037,19665.569635869448,19696.75850351083,1690,19709.463267657688,133234,402400,319700,16750,19800,56861.0,722100,-4800.0,0.0021961233087082,0.0021937153547142,0.0064357378760406,47.1818784182808,19643.11181071901,19581.292665627312,0.0060281519690401,0.7944831013916501,722100,-4800.0,-3050,0.0017640340388736,0,TRENDED_UP,,,,1167,,,False
2025-10-28 08:18:46.418223,19696.463804754338,19713.40827193564,19694.4534874523,19705.25782154529,3730,19693.31912743256,114954,398100,321700,17150,18950,-18280.0,719800,-2300.0,0.0004315084653621,0.0004314153923576,0.0062694165488875,45.1656574229276,19663.827147661104,19596.78831011706,0.0037655854806548,0.8080884199949762,719800,-2300.0,-1800,0.00176171819617,1,TRANSITION,,,,1168,,,False
2025-10-28 08:23:46.418223,19699.73963168116,19729.19587619667,19669.03087843116,19717.761152480496,2740,19724.140235305444,97311,404700,314400,17850,16600,-17643.0,719100,-700.0,0.0006345175002753,0.0006343162791608,0.0062554126967184,46.23703887596924,19681.80514926757,19611.90991541249,0.0051285391102793,0.7768717568569311,719100,-700.0,1250,0.0017598462620479,0,TRENDED_UP,,,,1169,,,False
2025-10-28 08:28:46.418223,19698.08709591028,19703.0703790379,19693.93348163888,19694.052074818454,1150,19696.375712032583,113928,404400,328800,16950,17000,16617.0,733200,14100.0,-0.0012024223987042,-0.0012031458885353,0.0063001952247398,44.63636973065856,19685.88745778453,19622.17768533824,0.0041825224722942,0.8130563798219584,733200,14100.0,-50,0.001770690119582,1,TRANSITION,,,,1170,,,False
2025-10-28 08:33:46.418223,19676.0189574894,19693.122884353485,19664.99283471837,19683.02678964726,1900,19690.41171837347,79672,414000,325200,17150,19650,-34256.0,739200,6000.0,-0.0005598281719427,-0.0005599849342434,0.0063120652746315,43.52371761418889,19684.933901738776,19629.783823376863,0.0033377569823203,0.7855072463768116,739200,6000.0,-2500,0.0017747256082064,1,TRANSITION,,,,1171,,,False
2025-10-28 08:38:46.418223,19667.93352719973,19690.984879232543,19667.36908244853,19690.37121552636,4950,19694.6323040624,108844,386500,316900,16850,19250,29172.0,703400,-35800.0,0.0003731349836377,0.0003730653860927,0.0063056910493099,42.10172326917624,19686.74633966797,19637.35724739555,0.0041379311682612,0.8199223803363519,703400,-35800.0,-2400,0.0017726888660737,0,TRENDED_UP,,,,1172,,,False
2025-10-28 08:43:46.418223,19618.247628528068,19619.29887149601,19611.69094750964,19612.189104846177,2380,19615.67014850485,104340,407100,311900,16600,17400,-4504.0,719000,15600.0,-0.0039705757613414,-0.0039784794256156,0.0066487604002181,44.71447646542938,19661.89392806071,19634.21122957688,0.0019049277565896,0.7661508228936379,719000,15600.0,-800,0.0017431402636396,1,TRANSITION,,,,1173,,,False
2025-10-28 08:48:46.418223,19615.55011974983,19626.127930116345,19598.920381134703,19600.49479029418,2070,19597.31569980752,113010,403800,316900,18100,18600,8670.0,720700,1700.0,-0.0005962778805304,-0.0005964557248869,0.0065044211174681,43.46398164515882,19641.4275488052,19629.99667466654,0.0036935280670182,0.7847944526993561,720700,1700.0,-500,0.0017412986090068,0,TRENDED_UP,,,,1174,,,False
2025-10-28 08:53:46.418223,19586.67990413262,19588.39662305571,19561.788656888377,19568.268326757265,1470,19568.23033985397,132834,400600,322000,18750,19350,19824.0,722600,1900.0,-0.0016441658173278,-0.0016455189413218,0.0064717133003216,43.12413534234759,19617.04114145589,19622.280631177884,-6.160062387039478e-05,0.8037943085371942,722600,1900.0,-600,0.0017573417177533,1,TRANSITION,,,,1175,,,False
2025-10-28 08:58:46.418223,19554.478793739105,19565.35276494733,19544.319155086014,19561.44714986631,2070,19583.736498812817,128964,389700,317600,17900,16100,-3870.0,707300,-15300.0,-0.0003485835730097,-0.0003486443423863,0.006466129625437,41.7544950801264,19598.50981092604,19614.67644601394,0.0001688920397395,0.8149858865794201,707300,-15300.0,1800,0.0017450287328573,0,TRENDED_UP,,,,1176,,,False
2025-10-28 09:03:46.418223,19559.95170881073,19563.476347512096,19525.04590593661,19541.5345452457,4840,19548.91988968377,72223,389300,323700,17500,17400,-56741.0,713000,5700.0,-0.0010179515077823,-0.0010184699722959,0.0064553640483032,41.51706268693773,19579.518055699256,19605.53370841791,0.0003535543332553,0.8314924222964295,713000,5700.0,100,0.0017499831389854,1,TRANSITION,,,,1177,,,False
2025-10-28 09:08:46.418223,19601.03163241913,19605.973913502145,19594.980914432417,19597.382713652136,2950,19607.49061157885,60095,401000,328700,17150,18600,-12128.0,729700,16700.0,0.0028579213304424,0.0028538452375332,0.0063372755842331,43.154370227616766,19585.47294168355,19604.514834072183,0.0065762883265529,0.8197007481296759,729700,16700.0,-1450,0.0017578443894091,1,TRANSITION,,,,1178,,,False
2025-10-28 09:13:46.418223,19628.24644757038,19635.39448117854,19621.11360124068,19632.53829307536,3930,19634.39221237448,104914,397900,317500,18100,16750,44819.0,715400,-14300.0,0.0017938915587301,0.0017922844569575,0.0063488543699205,42.787041463244464,19601.161392147485,19608.017766447585,0.0095000194645427,0.797939180698668,715400,-14300.0,1350,0.0017700328840206,0,TRENDED_UP,,,,1179,,,False
2025-10-28 09:18:46.418223,19582.25743117038,19589.03515535229,19576.107139544754,19584.07050868646,4810,19582.960428527567,103386,410900,324400,16250,17700,-1528.0,735300,19900.0,-0.0024687477322276,-0.0024718001146535,0.0063815947705457,43.7616208966273,19595.46443099381,19605.02435922744,0.0092656552553873,0.7894864930640059,735300,19900.0,-1450,0.0017944887290633,1,TRANSITION,,,,1180,,,False
2025-10-28 09:23:46.418223,19553.40579960605,19562.590570161672,19540.82922363704,19557.565247643422,2850,19566.03227175061,77276,400000,313100,19850,16800,-26110.0,713100,-22200.0,-0.00135340919199,-0.0013543258774042,0.006205005094887,43.72445405039834,19582.83136987701,19599.09197027944,0.004629264143787,0.78275,713100,-22200.0,3050,0.0018009060814127,0,TRENDED_UP,,,,1181,,,False
2025-10-28 09:28:46.418223,19581.21401010216,19595.130129347937,19578.697310987773,19583.390362721515,820,19576.12266339245,80784,403200,322200,16850,17850,3508.0,725400,12300.0,0.0013204667733988,0.00131959572386,0.0062367391441939,43.284484597120944,19583.01770082518,19597.1292693347,0.0053907902139649,0.7991071428571429,725400,12300.0,-1000,0.0018049452505046,1,TRANSITION,,,,1182,,,False
2025-10-28 09:33:46.418223,19552.573344599456,19582.53553296189,19549.85991166093,19565.075903405814,4100,19565.16939414641,84592,398000,325100,16250,18250,3808.0,723100,-2300.0,-0.000935203709699,-0.0009356412855243,0.0062687161874852,42.58776791593984,19577.0371016854,19593.12259859359,0.0044259402066688,0.8168341708542713,723100,-2300.0,-2000,0.0018099829533439,0,TRENDED_UP,,,,1183,,,False
2025-10-28 09:38:46.418223,19546.181681054743,19546.313132690007,19527.75961834455,19536.87460655686,2900,19538.70379261884,126700,406400,329600,16350,17350,42108.0,736000,12900.0,-0.0014414100404305,-0.0014424498712184,0.006173393015912,42.21123342632016,19563.64960330921,19586.091599589,0.0004743562349383,0.8110236220472441,736000,12900.0,-1000,0.0018187013448641,1,TRANSITION,,,,1184,,,False
2025-10-28 09:43:46.418223,19562.511087480216,19564.71043267873,19546.141282803663,19555.889225029085,3790,19565.34443354139,90550,400100,324800,19050,17950,-36150.0,724900,-11100.0,0.0009732681841467,0.0009727948657527,0.0061287642990654,41.1844186188595,19561.06281054917,19582.31630276901,-0.0001605424128487,0.8117970507373157,724900,-11100.0,1100,0.0018222002990573,0,TRENDED_UP,,,,1185,,,False
2025-10-28 09:48:46.418223,19534.3121824742,19543.383839710048,19520.0462852504,19526.76549706687,3870,19533.094391508894,69922,391900,325300,19150,17100,-20628.0,717200,-7700.0,-0.0014892561328757,-0.0014903661770198,0.0061698991923767,40.80288441598996,19549.63037272174,19575.372452056243,-0.0008159680668348,0.8300586884409288,717200,-7700.0,2050,0.0018336152888159,0,TRENDED_UP,,,,1186,,,False
2025-10-28 09:53:46.418223,19537.595458537497,19574.395186731643,19533.26195314188,19545.705434424075,3240,19546.8416278722,98711,399800,321500,16300,17150,28789.0,721300,4100.0,0.0009699474989879,0.0009694774038653,0.005890059758138,41.29051336233159,19548.32205995585,19571.664074852222,0.0034151741347594,0.804152076038019,721300,4100.0,-850,0.0018364906414719,1,TRANSITION,,,,1187,,,False
2025-10-28 09:58:46.418223,19498.73405891981,19517.98135516652,19490.409824261507,19507.512375230883,1200,19513.573201385843,99945,394900,327100,19300,17450,1234.0,722000,700.0,-0.0019540384112167,-0.0019559500349348,0.0054894145107397,42.29087741949132,19534.7188317142,19563.64511239956,-0.0027275515439401,0.8283109648012155,722000,700.0,1850,0.0018515923573922,0,TRENDED_UP,,,,1188,,,False
2025-10-28 10:03:46.418223,19481.347940428008,19489.921389421223,19475.08290119025,19485.74317915059,3620,19487.868186122843,79357,413300,316200,18500,16700,-20588.0,729500,7500.0,-0.0011159391142016,-0.0011165622378772,0.0053687536075716,41.586491463858586,19518.393614192995,19553.90737074344,-0.0015425341498083,0.7650616985240746,729500,7500.0,1800,0.0018385427181336,1,TRANSITION,,,,1189,,,False
2025-10-28 10:08:46.418223,19490.88976458925,19506.47834991942,19484.07815595352,19502.423436888468,4520,19512.584420416304,111807,407800,313700,17250,16000,32450.0,721500,-8000.0,0.0008560236879096,0.0008556575085894,0.0052346271530205,40.216041642575775,19513.07022175816,19547.47187901156,0.0015399043700949,0.7692496321726336,721500,-8000.0,1250,0.0018305446846157,0,TRENDED_UP,,,,1190,,,False
2025-10-28 10:13:46.418223,19444.56651033377,19450.40195080016,19427.00118133313,19433.113263334977,2650,19438.37666408605,122744,401500,319500,16800,16950,10937.0,721000,-500.0,-0.0035539261968023,-0.0035602563949961,0.0055665133325589,42.73077120777314,19486.417902283763,19533.177052051986,-0.0033317751562458,0.7957658779576587,721000,-500.0,-150,0.0018829987133411,1,TRANSITION,,,,1191,,,False
2025-10-28 10:18:46.418223,19457.612591099554,19483.159995818667,19456.46794906028,19473.832691532105,1280,19487.87201706794,92892,399700,325000,18350,19550,-29852.0,724700,3700.0,0.0020953630869817,0.0020931708755327,0.0054452402236583,43.25333987033863,19482.22283203321,19525.759006987,-0.0040923745007496,0.8131098323742807,724700,3700.0,-1200,0.0019034012512684,1,TRANSITION,,,,1192,,,False
2025-10-28 10:23:46.418223,19457.234013882924,19489.651943394227,19457.087814655904,19472.053019043746,2180,19474.324661886505,69921,397800,326900,17950,16250,-22971.0,724700,0.0,-9.13878904348353e-05,-9.139206656172404e-05,0.0052235594456677,42.48982478948032,19478.83289437005,19519.04575849409,-0.0066429885607399,0.8217697335344394,724700,0.0,1700,0.0018593568328101,0,TRENDED_UP,,,,1193,,,False
2025-10-28 10:28:46.418223,19473.56032148833,19485.653069674623,19454.891516893804,19480.722911156925,3470,19491.78053123556,94525,408200,317500,17650,16450,24604.0,725700,1000.0,0.0004452479717829,0.0004451488783168,0.0052144058779739,41.65209107457597,19479.46289996568,19514.255402576942,-0.0068276835617787,0.7778049975502205,725700,1000.0,1200,0.0018405040764229,1,TRANSITION,,,,1194,,,False
2025-10-28 10:33:46.418223,19480.296830101364,19507.946876340888,19465.96784057573,19497.65181591857,2290,19502.08020445226,106033,391600,314700,18950,19300,11508.0,706300,-19400.0,0.0008690080362443,0.0008686306673695,0.0050964608387965,41.675444266760415,19485.52587194998,19512.17995424465,-0.0079084043152404,0.8036261491317671,706300,-19400.0,-350,0.0018423772601124,0,TRENDED_UP,,,,1195,,,False
2025-10-28 10:38:46.418223,19520.39363341988,19522.90146841216,19500.94524511096,19504.224664861813,1650,19504.04575075084,56841,404000,319300,17150,16900,-49192.0,723300,17000.0,0.000337109771233,0.0003370529625019,0.0051055021343212,40.50217342581984,19491.758802920594,19511.185543071795,-0.0076002432693454,0.7903465346534654,723300,17000.0,250,0.0018351564120804,1,TRANSITION,,,,1196,,,False
2025-10-28 10:43:46.418223,19524.255866765823,19527.26096576834,19511.94304874656,19519.1361369652,3090,19538.27411033405,109630,399300,310300,17950,16950,52789.0,709600,-13700.0,0.0007645252431003,0.0007642331425454,0.0049371587334381,39.254611103013126,19500.884580935464,19512.17936730847,-0.0090178476074614,0.7771099423991986,709600,-13700.0,1000,0.0018378602337079,0,TRENDED_UP,,,,1197,,,False
2025-10-28 10:48:46.418223,19511.879298298365,19532.056786740097,19494.40016790027,19504.705722112143,3090,19516.270308816824,92500,409700,328400,17750,16250,-17130.0,738100,28500.0,-0.0007392957737371,-0.0007395691876226,0.0049237788942704,39.14046879849992,19502.158294661025,19511.245161658928,-0.0101775932722821,0.801562118623383,738100,28500.0,1500,0.0018043814379107,1,TRANSITION,,,,1198,,,False
2025-10-28 10:53:46.418223,19515.654163372805,19536.33869833389,19506.220226828184,19522.694233857044,540,19527.9711593052,100874,397100,322800,18850,19700,8374.0,719900,-18200.0,0.0009222652215925,0.0009218401963284,0.0049456285161697,38.604219328731816,19509.003607726365,19512.67629568369,-0.0098929547383685,0.8128934777134224,719900,-18200.0,-850,0.0018073720637774,0,TRENDED_UP,,,,1199,,,False
2025-10-28 10:58:46.418223,19531.76018697279,19543.50440492606,19514.48501120052,19521.504638428552,3460,19529.89495974499,94207,401300,323500,19800,16250,-6667.0,724800,4900.0,-6.093397838646819e-05,-6.093583493793631e-05,0.0049207193136425,37.91958892850401,19513.17061796043,19513.7798385268,-0.0087613984026438,0.8061300772489409,724800,4900.0,3550,0.0018072169720595,1,TRANSITION,,,,1200,,,False
2025-10-28 11:03:46.418223,19533.38705708929,19542.54311409429,19515.61390375072,19540.785280062235,1570,19538.35038860248,84931,397600,316500,18050,19150,-9276.0,714100,-10700.0,0.0009876616577868,0.0009871742409206,0.0049713703170114,37.13456188672295,19522.3755053277,19517.15551871873,-0.0072266075286673,0.7960261569416499,714100,-10700.0,-1100,0.0018118801371622,0,TRENDED_UP,,,,1201,,,False
2025-10-28 11:08:46.418223,19534.77177986246,19556.34735723737,19533.960214335057,19548.158335256976,3920,19545.928995765087,97780,393800,315000,18950,17050,12849.0,708800,-5300.0,0.0003773162178013,0.0003772450519381,0.0049715448481907,36.081174816407945,19530.96978197079,19521.03087078601,-0.0072224580589544,0.7998984255967496,708800,-5300.0,1900,0.0018121441717481,0,TRENDED_UP,,,,1202,,,False
2025-10-28 11:13:46.418223,19514.40787795518,19522.18664360833,19508.076604671816,19521.19111443027,4090,19531.61986347552,89821,391900,321900,16700,16450,-7959.0,713800,5000.0,-0.0013795274400898,-0.0013804798640997,0.0045141492793166,36.36692879989021,19527.71022612395,19521.05090124154,-0.0046398691104514,0.821383005868844,713800,5000.0,250,0.0018068606760076,1,TRANSITION,,,,1203,,,False
2025-10-28 11:18:46.418223,19495.20829482064,19506.18705231416,19489.511785437426,19497.97418747572,1660,19501.901844063326,92848,414800,318600,17500,17650,3027.0,733400,19600.0,-0.0011893191772189,-0.0011900269785289,0.0045462650577807,36.03210024224396,19517.798213241207,19518.16631202081,-0.0052305109598164,0.7680810028929604,733400,19600.0,-150,0.0017872279059305,1,TRANSITION,,,,1204,,,False
2025-10-28 11:23:46.418223,19454.429832081925,19461.733732981767,19420.97762931457,19444.82057578516,4060,19447.800586579284,82391,402500,321400,18100,16650,-10457.0,723900,-9500.0,-0.002726109450114,-0.002729832053502,0.0047036570839886,38.95813295073729,19493.472334089194,19508.998094991355,-0.0063085679790737,0.7985093167701863,723900,-9500.0,1450,0.0017985251924735,0,TRENDED_UP,,,,1205,,,False
2025-10-28 11:28:46.418223,19505.747468376736,19512.13005155183,19478.15030092917,19497.48823783244,4940,19499.70351693379,110735,395800,316300,19700,16450,28344.0,712100,-11800.0,0.0027085702252693,0.0027049086591848,0.0049874604122304,40.98322886616102,19494.81096867028,19507.55936284649,-0.003269641123372,0.7991409802930773,712100,-11800.0,3250,0.0018335285640137,0,TRENDED_UP,,,,1206,,,False
2025-10-28 11:33:46.418223,19469.58237049987,19491.21583361485,19469.46671695065,19481.747149604074,3800,19486.53226083224,124735,391900,317100,18450,19950,14000.0,709000,-3100.0,-0.0008073392857763,-0.00080766535965,0.0049759620557426,40.057392581563086,19490.45636231488,19504.33283619119,-0.0030595036179578,0.8091349834141363,709000,-3100.0,-1500,0.0018300275051167,1,TRANSITION,,,,1207,,,False
2025-10-28 11:38:46.418223,19449.551515315587,19457.259944629,19445.79205091876,19457.13050961552,4880,19459.53784652268,82534,396600,316600,19350,16850,-42201.0,713200,4200.0,-0.0012635745551731,-0.001264373538623,0.0046993506853326,39.76437158897384,19479.347744748426,19498.43254536924,-0.007156680363185,0.7982854261220373,713200,4200.0,2500,0.001785536744603,0,TRENDED_UP,,,,1208,,,False
2025-10-28 11:43:46.418223,19428.79804243788,19434.62495291412,19415.21448960989,19428.418991257025,3800,19420.460290316594,97663,397200,328000,19550,17550,15129.0,725200,12000.0,-0.0014756296332752,-0.0014767194469218,0.0045923918996156,39.91806076159203,19462.371493584626,19489.680851105208,-0.0103969898732009,0.8257804632426989,725200,12000.0,2000,0.001790005721979,1,TRANSITION,,,,1209,,,False
2025-10-28 11:48:46.418223,19455.0910630492,19470.25423451724,19449.5948217604,19451.0258289147,620,19463.17810199616,78096,401700,331400,18750,19550,-19567.0,733100,7900.0,0.0011635963620018,0.0011629199084506,0.0044936729430072,40.05500236863653,19458.58960536132,19484.848973331395,-0.0067935151536933,0.8249937764500871,733100,7900.0,-800,0.0017721941561783,1,TRANSITION,,,,1210,,,False
2025-10-28 11:53:46.418223,19446.680023385496,19454.647068268107,19420.60429250193,19426.98240463687,1910,19430.22344485657,107760,398300,315300,18750,16300,29664.0,713600,-19500.0,-0.001236100578412,-0.0012368651808802,0.0044842474908287,39.62555761131808,19448.053871786506,19477.61565224457,-0.0066768455762808,0.7916143610343962,713600,-19500.0,2450,0.0017285773238453,0,TRENDED_UP,,,,1211,,,False
2025-10-28 11:58:46.418223,19483.305598219125,19487.43498238229,19464.36417972773,19472.87372575721,2370,19487.46783822138,104484,402000,314000,16150,19150,-3276.0,716000,2400.0,0.002362246496367,0.002359460778285,0.0046411370463893,41.11320190661095,19456.327156443404,19477.02291143365,-0.0056433863042776,0.7810945273631841,716000,2400.0,-3000,0.0017544759844804,1,TRANSITION,,,,1212,,,False
2025-10-28 12:03:46.418223,19463.827438802047,19491.83710032553,19463.064074826947,19482.429204439708,3300,19476.02613102213,88420,395200,327400,16200,19650,-16064.0,722600,6600.0,0.0004907071661364,0.0004905868087465,0.0046351708699708,40.23176073460899,19465.02783910884,19477.698698059416,-0.0042241951615286,0.8284412955465587,722600,6600.0,-3450,0.0017556389787893,1,TRANSITION,,,,1213,,,False
2025-10-28 12:08:46.418223,19472.16930550216,19477.41290437712,19457.92217287754,19459.702681668787,1640,19453.28417512969,98345,405300,316600,19750,16550,9925.0,721900,-700.0,-0.0011665138126483,-0.0011671947194624,0.0046117630124327,39.108565793720274,19463.252786628826,19475.449196010588,-0.0039500650151161,0.7811497656057241,721900,-700.0,3200,0.0017309107009842,0,TRENDED_UP,,,,1214,,,False
2025-10-28 12:13:46.418223,19447.980035315217,19454.36172323492,19439.867589103207,19449.82253520532,4770,19452.10547639548,117305,397500,325300,17700,18950,18960.0,722800,900.0,-0.0005077234028233,-0.0005078523379946,0.0045695299653886,37.73188913456737,19458.77603615432,19472.245863409928,-0.0054237722766404,0.8183647798742139,722800,900.0,-1250,0.0017179036361868,1,TRANSITION,,,,1215,,,False
2025-10-28 12:18:46.418223,19510.854156789617,19535.15663691005,19494.09753140167,19520.68220300569,2850,19530.310939485284,67852,394200,317400,16950,18700,-49453.0,711600,-11200.0,0.0036432038221485,0.0036365834298575,0.0049914386978975,41.13204717529337,19479.41142510478,19478.3004058594,-0.0003115361866814,0.8051750380517504,711600,-11200.0,-1750,0.0017810196273928,0,TRENDED_UP,,,,1216,,,False
2025-10-28 12:23:46.418223,19476.32326900117,19484.285992345,19461.804479170867,19464.10262922137,3870,19460.87353135522,74163,398200,319700,16950,16550,6311.0,717900,6300.0,-0.0028984424415049,-0.002902651060058,0.0052190391807069,42.39959550811692,19474.30849314364,19476.525683779644,-0.0041749736522165,0.8028628829733803,717900,6300.0,400,0.0017706826747176,1,TRANSITION,,,,1217,,,False
2025-10-28 12:28:46.418223,19485.57147972836,19498.418760757257,19476.75462845537,19487.37107430806,590,19483.911219867023,111636,403600,322500,16050,16700,37473.0,726100,8200.0,0.0011954542950136,0.001194740308497,0.0051590323845615,41.82220522438631,19478.662686865115,19477.881357595696,-0.0010324894602347,0.7990584737363726,726100,8200.0,-650,0.0016908195047009,1,TRANSITION,,,,1218,,,False
2025-10-28 12:33:46.418223,19504.299586797744,19517.47072313308,19502.097485556395,19513.446279613105,2480,19519.52639046303,101089,394500,320800,18500,19800,-10547.0,715300,-10800.0,0.0013380565908873,0.0013371621909161,0.0051756265877745,40.98487976728874,19490.25721778112,19482.32697284787,0.0014217112587295,0.8131812420785804,715300,-10800.0,-1300,0.0016742736076332,0,TRENDED_UP,,,,1219,,,False
2025-10-28 12:38:46.418223,19516.60480217521,19523.935252960084,19502.58768854551,19516.7267743382,3010,19518.798238733176,98596,412500,327200,18000,19150,-2493.0,739700,24400.0,0.0001681145748466,0.0001681004451761,0.0051543025623505,39.58221438495189,19499.08040330014,19486.62694803416,0.0007334133368612,0.7932121212121213,739700,24400.0,-1150,0.0016486884324565,1,TRANSITION,,,,1220,,,False
2025-10-28 12:43:46.418223,19511.37638966313,19555.254952630086,19504.509201477125,19539.35963549132,990,19546.45679933442,118859,414500,323200,17450,16500,20263.0,737700,-2000.0,0.0011596648052112,0.0011589929133766,0.0047355711661949,40.37960986838112,19512.50681403053,19493.21853396631,0.0054672851805377,0.7797346200241254,737700,-2000.0,950,0.0016467514791159,1,TRANSITION,,,,1221,,,False
2025-10-28 12:48:46.418223,19507.77236552136,19527.500480424693,19481.21815388551,19491.497038265617,4770,19493.67063370834,114088,401700,323700,18000,16050,-4771.0,725400,-12300.0,-0.0024495478930007,-0.0024525529437884,0.0048269761791799,41.64831499248315,19505.50355544223,19493.003347003723,0.0009070811592826,0.8058252427184466,725400,-12300.0,1950,0.0016351798935394,0,TRENDED_UP,,,,1222,,,False
2025-10-28 12:53:46.418223,19509.24949549993,19531.801527638054,19508.59368908156,19519.57699501869,1910,19525.736225471304,134302,402100,322700,18850,16350,20214.0,724800,-600.0,0.0014406259661814,0.0014395892601459,0.0048925355001009,41.55232744819409,19510.19470196772,19496.3250530056,0.0024406248241244,0.8025366824173091,724800,-600.0,2500,0.0016134178163336,1,TRANSITION,,,,1223,,,False
2025-10-28 12:58:46.418223,19505.1431721176,19512.7406147929,19502.65249039488,19503.45791080344,3200,19515.351899023502,117898,407000,312700,19550,17800,-16404.0,719700,-5100.0,-0.0008257906520906,-0.0008261318050184,0.0049143972569657,39.79319724645239,19507.94910491296,19497.21666023033,0.0011670511279382,0.7683046683046683,719700,-5100.0,1750,0.0016136461374042,0,TRENDED_UP,,,,1224,,,False
2025-10-28 13:03:46.418223,19533.55980352233,19543.7606845142,19526.039688392146,19541.09897777636,650,19537.869536861577,110514,396200,322500,17700,17250,-7384.0,718700,-1000.0,0.0019299688878282,0.001928108890647,0.00501080650104,39.82959556533115,19518.99906253409,19502.70194992358,0.0022283279170223,0.8139828369510348,718700,-1000.0,450,0.0016130196498181,1,TRANSITION,,,,1225,,,False
2025-10-28 13:08:46.418223,19598.632362667944,19607.048646055984,19591.03825692616,19602.956870980528,510,19613.845060974665,98920,399000,323200,16900,16500,-11594.0,722200,3500.0,0.0031655278587205,0.0031605281238302,0.0053104803495836,41.695315044923454,19546.984998682907,19515.233815055697,0.0050620933574758,0.8100250626566416,722200,3500.0,400,0.0016668735273724,1,TRANSITION,,,,1226,,,False
2025-10-28 13:13:46.418223,19582.4459220266,19594.1081091964,19561.87702096048,19575.267426235445,2070,19569.174736990783,97116,402200,320200,17350,17600,-1804.0,722400,200.0,-0.0014125136798149,-0.0014135122176721,0.0053731337146266,41.65135325743256,19556.41247453376,19522.738016453168,0.0028757056089148,0.7961213326703133,722400,200.0,-250,0.0016497977288544,0,TRENDED_UP,,,,1227,,,False
2025-10-28 13:18:46.418223,19542.44651474792,19552.6837779439,19523.227329978537,19544.684089623777,790,19552.165813693668,99935,401700,327200,18300,17700,2819.0,728900,6500.0,-0.0015623457879649,-0.001563567522826,0.0054364250599615,42.393406328823616,19552.503012897098,19525.481275599494,0.0020496780664736,0.814538212596465,728900,6500.0,600,0.0016589202537838,1,TRANSITION,,,,1228,,,False
2025-10-28 13:23:46.418223,19540.05421484024,19550.724127723945,19521.52038435884,19521.902467297165,1310,19534.11889808037,104459,395200,313800,17050,17600,4524.0,709000,-19900.0,-0.0011656173219349,-0.0011662971821628,0.0054565118923098,41.45128754570091,19542.30283103045,19525.0339245617,-4.055621372722751e-05,0.7940283400809717,709000,-19900.0,-550,0.0016610274868806,0,TRENDED_UP,,,,1229,,,False
2025-10-28 13:28:46.418223,19616.00834504612,19627.30047744165,19603.751180030507,19621.92499904879,800,19622.764417012244,75865,411600,322500,17000,16200,-28594.0,734100,25100.0,0.0051236057509858,0.0051105247452927,0.0061859966261406,46.01891058847133,19568.843553703235,19537.145308872587,0.0051440891714136,0.7835276967930029,734100,25100.0,800,0.0017892721122298,1,TRANSITION,,,,1230,,,False
2025-10-28 13:33:46.418223,19592.571187073107,19608.58047310682,19582.22144004053,19595.49203255808,2850,19603.200243346,105271,408300,321500,19850,19300,29406.0,729800,-4300.0,-0.0013471138276185,-0.0013480220011512,0.006225575335085,45.56781404702789,19577.726379988184,19544.43864933327,0.0027996189360752,0.7874112172422238,729800,-4300.0,550,0.0017958758655898,1,TRANSITION,,,,1231,,,False
2025-10-28 13:38:46.418223,19640.99863304999,19654.38424826386,19630.439420639697,19647.27059479964,3820,19648.32903360076,95133,404000,319600,17650,17450,-10138.0,723600,-6200.0,0.00264237112064,0.0026388861956974,0.0063917312671653,46.5195570226532,19600.907784925337,19557.292642516568,0.0050701584181414,0.7910891089108911,723600,-6200.0,200,0.0018289602960504,0,TRENDED_UP,,,,1232,,,False
2025-10-28 13:43:46.418223,19690.68536373417,19713.81758350976,19680.374568609262,19701.10290124261,1970,19708.50291801083,107141,403600,320000,19400,17350,12008.0,723600,0.0,0.0027399381600221,0.0027361913718788,0.0064865438517598,47.95008785747232,19634.306157031097,19575.26892485732,0.0092162299809333,0.7928642220019821,723600,0.0,2050,0.0017886559388484,1,TRANSITION,,,,1233,,,False
2025-10-28 13:48:46.418223,19674.538097126995,19703.61710867356,19666.044232295208,19678.154472402726,2260,19668.75717353442,88446,398100,314200,16250,16800,-18695.0,712300,-11300.0,-0.0011648296521733,-0.0011655085935178,0.006484655831787,47.20885846610657,19648.92226215497,19588.1296183005,0.0092409746363673,0.7892489324290379,712300,-11300.0,-550,0.0017937800666201,0,TRENDED_UP,,,,1234,,,False
2025-10-28 13:53:46.418223,19691.533898075428,19704.8050419854,19691.380667529404,19692.99195199038,4190,19697.88855534503,86811,392400,318800,18700,16450,-1635.0,711200,-1100.0,0.0007540076793515,0.0007537235583718,0.0062353018300662,45.74040926014688,19663.612158766777,19601.23741001173,0.0127628524643867,0.8124362895005097,711200,-1100.0,2250,0.0017816834153611,1,TRANSITION,,,,1235,,,False
2025-10-28 13:58:46.418223,19739.88852729088,19746.786825627387,19702.04700473985,19731.19243191556,840,19737.47913095997,104614,395100,322300,17200,16600,17803.0,717400,6200.0,0.0019398007178546,0.001937921733953,0.0061556646101208,46.3157281442082,19686.13891648304,19617.48178774971,0.011986374410507,0.8157428499114149,717400,6200.0,600,0.0017961915452134,0,TRENDED_UP,,,,1236,,,False
2025-10-28 14:03:46.418223,19728.863097353496,19732.90555367146,19715.509425177555,19721.83744438293,720,19733.73769152785,109545,393400,325800,16650,16150,4931.0,719200,1800.0,-0.0004741217523932,-0.000474234183649,0.0061366096595584,44.25004245490071,19698.038425783005,19630.526244828863,0.0123238584781517,0.8281647178444331,719200,1800.0,500,0.001791589950595,1,TRANSITION,,,,1237,,,False
2025-10-28 14:08:46.418223,19723.036632929143,19742.46932822053,19716.86415065618,19734.739638122806,1550,19744.164489212195,87921,386900,319600,17750,18900,-21624.0,706500,-12700.0,0.000654208502441,0.0006539946013432,0.0060576764170571,42.91826639128994,19710.272163229605,19643.55291899061,0.0142677322521991,0.8260532437322305,706500,-12700.0,-1150,0.001757569450205,0,TRENDED_UP,,,,1238,,,False
2025-10-28 14:13:46.418223,19706.032426633592,19734.68382542118,19696.393664868123,19720.18466267377,1460,19723.17481818804,126384,406500,320400,17350,18300,38463.0,726900,20400.0,-0.000737530654872,-0.0007378027644069,0.0059919743574782,42.59167402438948,19713.576329710995,19653.131886951003,0.0150174685623181,0.7881918819188192,726900,20400.0,-950,0.00174699935599,1,TRANSITION,,,,1239,,,False
2025-10-28 14:18:46.418223,19676.256761485365,19688.680052654006,19672.7117012526,19673.91420044413,2790,19679.43114843472,126246,409400,325700,19450,19600,-138.0,735100,8200.0,-0.0023463503522469,-0.00234910734566,0.006192084636756,42.94033740987394,19700.35561995537,19655.72967613764,0.0114589520105463,0.7955544699560332,735100,8200.0,-150,0.001744037976832,1,TRANSITION,,,,1240,,,False
2025-10-28 14:23:46.418223,19657.299634533512,19665.37775676975,19653.18178954125,19657.751779426897,2760,19653.155110465294,68353,397500,318400,18400,16000,-57893.0,715900,-19200.0,-0.000821515274112,-0.0008218529027086,0.0061600609991756,41.35405694508876,19686.15433977922,19655.9824390488,0.0118788070109614,0.8010062893081761,715900,-19200.0,2400,0.0017379791409894,0,TRENDED_UP,,,,1241,,,False
2025-10-28 14:28:46.418223,19621.4399149724,19622.21460911116,19604.478618350546,19612.564996669826,4200,19626.160867643663,84459,403100,321100,17500,17200,16106.0,724200,8300.0,-0.0022986750094363,-0.002301321018491,0.0062326808417033,42.20542152589322,19661.624558742755,19650.55525875143,0.0071736340963297,0.796576531877946,724200,8300.0,300,0.001757148391104,1,TRANSITION,,,,1242,,,False
2025-10-28 14:33:46.418223,19622.63931611481,19640.43914987192,19612.25108940636,19634.145608404902,1490,19642.143534806164,102324,398000,321600,19900,18400,17865.0,719600,-4600.0,0.001100346218801,0.0010997412816209,0.0062506384713052,41.20418145015538,19652.464908630136,19648.50405245812,0.0077873453239918,0.8080402010050252,719600,-4600.0,1500,0.0017579389804445,0,TRENDED_UP,,,,1243,,,False
2025-10-28 14:38:46.418223,19600.18503908957,19613.16712796652,19593.172945632887,19606.70618552581,4940,19599.681686376225,107415,411400,310300,19900,18200,5091.0,721700,2100.0,-0.0013975358758336,-0.0013985133398968,0.006269758804305,41.18764440171683,19637.21200092869,19643.279319091576,0.0075542523059977,0.7542537676227515,721700,2100.0,1700,0.0017573120976412,1,TRANSITION,,,,1244,,,False
2025-10-28 14:43:46.418223,19607.25568667584,19636.36372405969,19596.260925776267,19626.286659985934,1040,19631.66026101429,142646,398300,317800,16800,18550,35231.0,716100,-5600.0,0.0009986621044268,0.0009981637731772,0.0062672679594464,41.1101553932676,19633.57022061444,19641.15523670337,0.0090727884257659,0.7978910369068541,716100,-5600.0,-1750,0.0017575386094369,0,TRENDED_UP,,,,1245,,,False
2025-10-28 14:48:46.418223,19561.74439463777,19567.60878594108,19546.691066649084,19553.15362887192,2440,19558.955091267195,102817,407000,317900,19150,17150,-39829.0,724900,8800.0,-0.0037262795749903,-0.0037332394497315,0.0063562959178288,43.8591152463806,19606.764690033604,19630.15503572444,0.0016634370422377,0.7810810810810811,724900,8800.0,2000,0.0018140144969165,1,TRANSITION,,,,1246,,,False
2025-10-28 14:53:46.418223,19571.65141172397,19587.492585420496,19562.914144288265,19567.95229230874,570,19567.32253359785,97671,402100,324500,16250,17900,-5146.0,726600,1700.0,0.0007568427946562,0.0007565565335756,0.0061215179936031,43.17910391082298,19593.827224125314,19622.37969279748,0.005335445721061,0.8070131808007959,726600,1700.0,-1650,0.0018123380706032,1,TRANSITION,,,,1247,,,False
2025-10-28 14:58:46.418223,19596.3329854012,19602.675541126187,19591.858186132384,19598.600731084163,4730,19603.08997991758,77239,399000,318000,16050,19200,-20432.0,717000,-9600.0,0.0015662568222567,0.0015650315212969,0.0061458240698915,42.57511426129624,19595.4183931116,19619.40732258331,0.0057077815346138,0.7969924812030075,717000,-9600.0,-3150,0.00180429355737,0,TRENDED_UP,,,,1248,,,False
2025-10-28 15:03:46.418223,19538.01104788815,19556.21832113076,19534.699418379165,19544.326607753363,3640,19543.10813509255,68292,400200,318200,17150,17950,-8947.0,718400,1400.0,-0.0027692856278621,-0.0027731271932065,0.006331890702653,44.09841415013211,19578.38779799219,19610.022233229567,0.0015825153434081,0.7951024487756122,718400,1400.0,-800,0.0018352853390951,1,TRANSITION,,,,1249,,,False
2025-10-28 15:08:46.418223,19549.172096739603,19562.49853778751,19542.60486587448,19547.064034858548,1770,19542.736720056448,97326,399500,321600,16550,19200,29034.0,721100,2700.0,0.0001400624928207,0.0001400526849852,0.0063317388908174,42.36950399033901,19567.946543614307,19602.15245843319,0.0015544235911648,0.8050062578222779,721100,2700.0,-2650,0.001832283940151,0,TRENDED_UP,,,,1250,,,False
2025-10-28 15:13:46.418223,19585.400985685665,19591.32709945233,19547.0499434388,19576.852339184945,810,19577.165488659328,141147,403900,317400,17500,16600,43821.0,721300,200.0,0.0015239272902198,0.0015227672913802,0.0063564982733091,42.50576484913835,19570.915142137856,19598.98994352716,0.0019188297054282,0.7858380787323594,721300,200.0,900,0.0017798494984276,1,TRANSITION,,,,1251,,,False
2025-10-28 15:18:46.418223,19550.09174975554,19567.61085337641,19540.105218672983,19558.70754878523,1420,19563.626115404004,95764,396100,321200,16650,16950,-45383.0,717300,-4000.0,-0.0009268492240397,-0.0009272790143697,0.0062111549406184,42.0944331107686,19566.84594435365,19593.954644184418,0.0034481964308674,0.8109063367836405,717300,-4000.0,-300,0.0017658357699216,0,TRENDED_UP,,,,1252,,,False
2025-10-28 15:23:46.418223,19599.39773744019,19621.892328976926,19585.321763239943,19606.464646836725,560,19615.846330759385,84545,395200,324400,17300,19200,-11219.0,719600,2300.0,0.0024417307704189,0.0024387545895461,0.0063082653241465,43.60088647369196,19580.05217851468,19595.518394515955,0.0044513081323538,0.8208502024291497,719600,2300.0,-1900,0.0017918746833471,1,TRANSITION,,,,1253,,,False
2025-10-28 15:28:46.418223,19611.91650812441,19616.39477169276,19592.6381951351,19602.931562545004,3070,19607.262742751784,109041,403400,319400,18150,17150,24496.0,722800,3200.0,-0.000180199967478,-0.0001802162054431,0.0062854124780718,42.1834357654041,19587.67863985812,19596.445040519586,0.00510030847845,0.7917699553792762,722800,3200.0,1000,0.0017917384712742,1,TRANSITION,,,,1254,,,False
2025-10-28 15:33:46.418223,19591.38343306914,19619.326776005088,19581.859099207188,19604.660932888164,3900,19614.09915403838,59888,401500,318300,18550,18650,-49153.0,719800,-3000.0,8.82199857528132e-05,8.821609459808144e-05,0.0061991881484622,41.8465958391538,19593.339404201462,19597.47202706565,0.0032527318542365,0.7927770859277709,719800,-3000.0,-100,0.0017889257894584,0,TRENDED_UP,,,,1255,,,False
2025-10-28 15:38:46.418223,19589.94050996622,19610.401694676133,19585.530291425726,19601.402571515224,4390,19609.137499082164,101585,407800,324900,17900,17450,41697.0,732700,12900.0,-0.0001662034035729,-0.0001662172168899,0.0059326032292316,40.63408208281472,19596.027126639387,19597.96334512185,-7.928903152387701e-05,0.7967140755272192,732700,12900.0,450,0.0017889334658559,1,TRANSITION,,,,1256,,,False
2025-10-28 15:43:46.418223,19606.54983299997,19620.8344768626,19599.13851775926,19607.866378482813,2690,19605.69736779911,116487,407200,322300,19250,16150,14902.0,729500,-3200.0,0.0003297624720479,0.0003297081123552,0.005876135049974,39.28135901285206,19599.97354392053,19599.201224291974,0.0016653132515409,0.7915029469548134,729500,-3200.0,3100,0.0017870067237912,0,TRENDED_UP,,,,1257,,,False
2025-10-28 15:48:46.418223,19608.981354500804,19611.41999878816,19606.785865552807,19609.7617710004,2890,19617.455286702712,81048,408400,309800,18050,18100,-35439.0,718200,-11300.0,9.666490381987636e-05,9.666023206911234e-05,0.0057979695771669,36.806557171602,19603.236286280488,19600.521292630525,0.0033296870431982,0.7585700293829579,718200,-11300.0,-50,0.0017837994616165,0,TRENDED_UP,,,,1258,,,False
2025-10-28 15:53:46.418223,19625.03069298956,19631.24842621301,19605.93038374482,19630.46739337148,1550,19638.33181051806,127377,405000,317600,18500,19250,46329.0,722600,4400.0,0.0010558834223932,0.0010553263695793,0.0057716915586236,35.98594897850105,19612.313321977486,19604.264555223144,0.0055611857633333,0.7841975308641975,722600,4400.0,-750,0.0017849380006742,1,TRANSITION,,,,1259,,,False
2025-10-28 15:58:46.418223,19598.143007872364,19605.57878258528,19578.749185133263,19589.69911787176,850,19603.85346522808,113193,403300,314400,19050,16950,-14184.0,717700,-4900.0,-0.0020767857780851,-0.0020789452880798,0.005127579941476,37.10968178276647,19604.775253942244,19602.44387555422,-0.0016423404522538,0.7795685593850732,717700,-4900.0,2100,0.0018067433181244,0,TRENDED_UP,,,,1260,,,False
2025-10-28 16:03:46.418223,19603.318409006115,19610.43798920492,19588.231722601475,19603.612767330287,4650,19609.948582608005,127558,409700,324000,19050,19050,14365.0,733700,16000.0,0.0007102533517644,0.0007100012412202,0.0050870973499888,36.045152127100536,19604.38775840493,19602.58998702623,0.0004144185182344,0.7908225530876251,733700,16000.0,0,0.0018046807817312,1,TRANSITION,,,,1261,,,False
2025-10-28 16:08:46.418223,19561.98782997528,19564.714769243725,19531.86623642273,19540.93537962274,940,19537.605560963704,72473,409300,319900,16050,18300,-55085.0,729200,-4500.0,-0.0031972365732504,-0.003202358654688,0.0051631175395674,38.59525061141879,19583.23696547753,19594.88316110079,-0.0054122130941203,0.7815783044221842,729200,-4500.0,-2250,0.0018523358630593,1,TRANSITION,,,,1262,,,False
2025-10-28 16:13:46.418223,19558.91998615107,19569.53280733588,19546.759929051103,19567.491249071973,3470,19568.152155981687,96385,387900,323500,16900,19550,23912.0,711400,-17800.0,0.0013589866059802,0.0013580640194437,0.0049567911951504,37.88112040439881,19577.988393342348,19591.459172097188,-0.0067819376834081,0.8339778293374581,711400,-17800.0,-2650,0.0018516373692764,0,TRENDED_UP,,,,1263,,,False
2025-10-28 16:18:46.418223,19532.614095512483,19535.66771155765,19513.896440782893,19517.36407324913,3580,19510.420436444096,118442,401000,321000,18300,17950,22057.0,722000,10600.0,-0.0025617579272059,-0.0025650448437684,0.0051079567243865,39.00352668187596,19557.78028664461,19582.19728474118,-0.0081710101106836,0.800498753117207,722000,10600.0,350,0.0018754681005008,1,TRANSITION,,,,1264,,,False
2025-10-28 16:23:46.418223,19511.270857219875,19534.313312458347,19493.6203010036,19525.937672962173,4150,19532.833126161466,70042,402000,324200,16250,16200,-48400.0,726200,4200.0,0.0004392806160127,0.0004391841605286,0.0050897874739951,39.12420416565244,19547.1660820838,19575.16483326881,-0.0084829303457529,0.8064676616915423,726200,4200.0,50,0.0018411215310534,1,TRANSITION,,,,1265,,,False
2025-10-28 16:28:46.418223,19547.676515122606,19553.087014183577,19538.24139488192,19544.44997471861,580,19558.05663047171,118941,402400,318100,16000,17650,48899.0,720500,-5700.0,0.0009480877213938,0.0009476385700981,0.0049743325992467,38.26885681249184,19546.26071296207,19571.32547595004,-0.0094643269960151,0.790506958250497,720500,-5700.0,-1650,0.0018122364292592,0,TRENDED_UP,,,,1266,,,False
2025-10-28 16:33:46.418223,19579.89738375146,19582.41633755593,19576.673339923025,19577.82517485859,1360,19567.69669963649,96403,397400,325700,16500,16350,-22538.0,723100,2600.0,0.001707656147047,0.0017061997600578,0.0051048874920216,38.24725009997957,19556.78220026091,19572.137938313605,-0.0073021730318215,0.8195772521389029,723100,2600.0,150,0.0018213411574554,1,TRANSITION,,,,1267,,,False
2025-10-28 16:38:46.418223,19597.99183127413,19608.59544540941,19587.378950294224,19591.8406692923,4190,19605.728719808903,118792,396800,322200,19500,16350,22389.0,719000,-4100.0,0.0007158861777818,0.0007156300535022,0.0051086572111925,37.71318013218247,19568.46835660471,19574.60077968594,-0.0072409857667672,0.8119959677419355,719000,-4100.0,3150,0.0018144578792925,0,TRENDED_UP,,,,1268,,,False
2025-10-28 16:43:46.418223,19566.103078206,19567.365425604617,19560.88909632198,19563.285179057155,3800,19570.11611581507,104349,394300,324900,17550,16550,-14443.0,719200,200.0,-0.0014575195213741,-0.0014585827361806,0.00514857343926,37.23020819204968,19566.74063075553,19573.186329607342,-0.0079562887620213,0.8239918843520162,719200,200.0,1000,0.0018141897054351,1,TRANSITION,,,,1269,,,False
2025-10-28 16:48:46.418223,19557.014530215256,19579.219540792423,19552.373323228378,19570.885649279568,2260,19568.478929475736,128216,397700,309600,17350,16050,23867.0,707300,-11900.0,0.0003885068460049,0.000388431396761,0.005010789118649,36.488494575763646,19568.12230359688,19572.898744566373,-0.0052368100274747,0.7784762383706312,707300,-11900.0,1300,0.0018093582608161,0,TRENDED_UP,,,,1270,,,False
2025-10-28 16:53:46.418223,19592.829708946,19600.26490077484,19561.53486280677,19568.45810326803,1790,19573.87873037816,74161,403000,314400,16800,18450,-54055.0,717400,10100.0,-0.0001240386385696,-0.0001240463319973,0.0049962598902044,36.64860481807131,19568.2342368206,19572.34366440408,-0.0045424154888515,0.7801488833746898,717400,10100.0,-1650,0.0018010820554891,1,TRANSITION,,,,1271,,,False
2025-10-28 16:58:46.418223,19597.19107562522,19619.29995178199,19585.64585253082,19609.703542959283,2440,19607.48179682143,106581,405500,316800,17600,16400,32420.0,722300,4900.0,0.0021077511305995,0.0021055329395682,0.0049904435556505,37.66240793920641,19582.057338866824,19577.01364922348,-0.0001458990045936,0.7812577065351418,722300,4900.0,1200,0.0017960241111355,1,TRANSITION,,,,1272,,,False
2025-10-28 17:03:46.418223,19665.684981722028,19671.687730865004,19661.671845576817,19669.00871336992,600,19675.541301174624,69768,399700,317500,19950,16950,-36813.0,717200,-5100.0,0.0030242767454751,0.0030197128199578,0.0052470219315909,39.39967793681455,19611.041130367856,19588.513032241783,0.0017756364682397,0.7943457593194896,717200,-5100.0,3000,0.001834220511326,0,TRENDED_UP,,,,1273,,,False
2025-10-28 17:08:46.418223,19677.487475919737,19689.625772937587,19652.08555618758,19665.6118992403,3550,19669.91883176644,108390,412000,324500,19900,18800,38622.0,736500,19300.0,-0.0001726987963205,-0.0001727137104747,0.0051785530757532,39.26685928061401,19629.23138665867,19598.1503906166,0.0030043656061908,0.787621359223301,736500,19300.0,1100,0.0018265118039151,1,TRANSITION,,,,1274,,,False
2025-10-28 17:13:46.418223,19683.353691159973,19691.277177761607,19668.111854811785,19672.770814079537,4680,19678.649098410213,106556,400700,323200,17850,19250,-1834.0,723900,-12600.0,0.0003640321428042,0.0003639658991811,0.0051541110473287,38.29531779780645,19643.74452913229,19607.477943549467,0.0023684640349401,0.8065884701771899,723900,-12600.0,-1400,0.0018244506129012,0,TRENDED_UP,,,,1275,,,False
2025-10-28 17:18:46.418223,19674.42587696672,19692.77254241904,19645.474483804435,19690.91691214396,1710,19689.42666820378,94298,397900,321100,18150,16800,-12258.0,719000,-4900.0,0.0009223966586056,0.0009219715122235,0.0046551423222549,38.93837071329199,19659.46865680285,19617.90781462378,0.0070455787279561,0.8069866800703694,719000,-4900.0,1350,0.0017703891469477,1,TRANSITION,,,,1276,,,False
2025-10-28 17:23:46.418223,19678.56406731348,19685.0254189936,19662.1358565926,19669.26095845696,4480,19668.631617203835,84324,399800,320000,19900,17150,-9974.0,719800,800.0,-0.0010997940717347,-0.0011003992890188,0.0047052160021076,38.21284820172546,19662.732757354224,19624.326957602927,0.0051772747927254,0.80040020010005,719800,800.0,2750,0.0017326971181022,0,TRENDED_UP,,,,1277,,,False
2025-10-28 17:28:46.418223,19674.26074238479,19676.82143636058,19639.62153554678,19662.915083048378,2840,19669.807847613243,93492,388100,328500,19250,17350,9168.0,716600,-3200.0,-0.0003226290719303,-0.0003226811278871,0.0046398850815809,38.14049481687372,19662.79353258561,19629.150473283607,0.0032815787640496,0.846431332130894,716600,-3200.0,1900,0.0017286264235838,1,TRANSITION,,,,1278,,,False
2025-10-28 17:33:46.418223,19695.36606925456,19721.444845768485,19681.624276717343,19706.56598237844,3800,19707.53519291017,101953,392200,323600,17100,18600,8461.0,715800,-800.0,0.0022199607304256,0.0022175002583644,0.00446644082702,39.5968710956761,19677.38434918322,19638.82741192046,0.0083010982102968,0.8250892401835798,715800,-800.0,-1500,0.0017425582312175,0,TRENDED_UP,,,,1279,,,False
2025-10-28 17:38:46.418223,19723.84750007721,19729.361582093017,19721.46286648493,19727.1862827285,800,19732.01363060342,105683,405900,315700,17550,16800,3730.0,721600,5800.0,0.0010463670011557,0.0010458199407903,0.0044870234759236,38.3967802827404,19693.98499369832,19649.872270771462,0.0092147980662844,0.7777777777777778,721600,5800.0,750,0.001746272325093,1,TRANSITION,,,,1280,,,False
2025-10-28 17:43:46.418223,19700.80410547473,19702.71218134559,19688.597572972943,19691.5651614503,3970,19698.17946089028,138646,407500,330800,18750,19200,32963.0,738300,16700.0,-0.0018056868712892,-0.0018073190889733,0.0045840156240619,38.41048953079873,19693.17838294898,19655.08388210632,0.0058596152373151,0.8117791411042945,738300,16700.0,-450,0.0017599864211268,1,TRANSITION,,,,1281,,,False
2025-10-28 17:48:46.418223,19661.70043347852,19669.14210631733,19661.340820585563,19663.830041164925,4950,19666.4510968342,117468,400400,315800,17200,16850,-21178.0,716200,-22100.0,-0.001408477185941,-0.0014094700223008,0.0046317381665281,37.82576462608006,19683.395602354296,19656.17715198865,0.0053747156921022,0.7887112887112887,716200,-22100.0,350,0.0017390784743716,0,TRENDED_UP,,,,1282,,,False
2025-10-28 17:53:46.418223,19607.816641192712,19610.00566679601,19580.7317168062,19597.76025592269,4610,19608.4710267634,88262,404200,326300,16550,18750,-29206.0,730500,14300.0,-0.0033599652307774,-0.003365622589861,0.004856301835242,41.05951889269757,19654.85048687709,19648.875039980405,-0.0004439551479993,0.8072736269173676,730500,14300.0,-2200,0.0017884722659061,1,TRANSITION,,,,1283,,,False
2025-10-28 17:58:46.418223,19622.959464828626,19645.524623442736,19622.782394576807,19633.76015166826,2730,19636.59398759473,111587,407700,321500,17250,16500,23325.0,729200,-1300.0,0.0018369392867068,0.0018352541770489,0.0049679744967288,41.53843665179357,19647.82037514082,19646.985678941383,0.0015726519793681,0.7885700269806231,729200,-1300.0,750,0.0017989278610987,0,TRENDED_UP,,,,1284,,,False
2025-10-28 18:03:46.418223,19590.705254308457,19611.72749723084,19578.846270149585,19601.10175717761,2020,19603.75432241151,117626,396800,322400,16250,16200,6039.0,719200,-10000.0,-0.0016633795176455,-0.0016647644693676,0.0050634164188643,42.49382557085648,19632.24750248641,19641.250188720915,-0.0001815474250096,0.8125,719200,-10000.0,50,0.0017972130326813,1,TRANSITION,,,,1285,,,False
2025-10-28 18:08:46.418223,19527.73760517411,19534.98596139821,19521.88279893589,19532.93204390157,2610,19533.136914031416,86880,397800,318000,16700,19850,-30746.0,715800,-3400.0,-0.0034778510983995,-0.0034839128812649,0.0054384472639806,45.11704933306098,19599.142349624803,19627.710420618496,-0.0034931442973962,0.799396681749623,715800,-3400.0,-3150,0.0018070504328927,0,TRENDED_UP,,,,1286,,,False
2025-10-28 18:13:46.418223,19539.31840669612,19544.79029955504,19535.293766287487,19542.851712011623,1410,19552.857546704978,114043,394900,318000,16700,17450,27163.0,712900,-2900.0,0.0005078432714433,0.0005077143626905,0.0054443085246842,42.74142121309029,19580.378803753745,19617.103082042635,-0.0033157440598705,0.8052671562420866,712900,-2900.0,-750,0.0017996603113416,1,TRANSITION,,,,1287,,,False
2025-10-28 18:18:46.418223,19612.71858788876,19630.079556175384,19604.36758012122,19629.98943142543,4580,19629.750682228467,70265,392700,314300,19300,19350,-43778.0,707000,-5900.0,0.0044588026710681,0.0044488916603455,0.0060340864505178,45.9190228524239,19596.915679644306,19618.713875715486,0.0010315097481163,0.8003565062388592,707000,-5900.0,-50,0.0018783576014227,0,TRENDED_UP,,,,1288,,,False
2025-10-28 18:23:46.418223,19612.736114463056,19617.81343455489,19603.812378670693,19612.733038473973,3800,19624.036779464863,86152,408100,324900,17550,18400,15887.0,733000,26000.0,-0.0008790831503878,-0.0008794697705774,0.0060248196964893,44.50888213116061,19602.18813258753,19617.966271060297,-0.0009034097121648,0.7961283999019848,733000,26000.0,-850,0.0018755140185105,1,TRANSITION,,,,1289,,,False
2025-10-28 18:28:46.418223,19637.61565628012,19639.75421559863,19621.582423861742,19626.01106136556,3970,19630.896639141083,71515,393700,317400,19250,18300,-14637.0,711100,-21900.0,0.0006770103312749,0.0006767812631629,0.0059134386174157,43.25976034498183,19610.12910884687,19618.971869848458,0.001853624360196,0.8061976123952248,711100,-21900.0,950,0.0017574760138197,0,TRENDED_UP,,,,1290,,,False
2025-10-28 18:33:46.418223,19640.222605700183,19649.30787052316,19630.22660156725,19644.636489551925,1780,19664.37205014324,95778,382400,317000,17050,17850,24263.0,699400,-11700.0,0.0009490175119197,0.0009485674795026,0.0059237967094985,41.833835260168605,19621.63156908189,19622.17994731139,0.0020926613226111,0.8289748953974896,699400,-11700.0,-800,0.0017525447177025,0,TRENDED_UP,,,,1291,,,False
2025-10-28 18:38:46.418223,19637.50587363632,19675.158481721217,19629.43323267109,19657.988254230306,4920,19658.02485815008,90527,398100,327900,18250,16950,-5251.0,726000,26600.0,0.00067966463444,0.0006794337670346,0.0056075275105834,42.11179338802277,19633.750464131364,19626.65598567625,0.0059901367224022,0.8236623963828184,726000,26600.0,1300,0.0017213065935854,1,TRANSITION,,,,1292,,,False
2025-10-28 18:43:46.418223,19664.793745229872,19670.091055602083,19642.16240455096,19654.816227162617,2460,19666.2663009621,92060,407600,331100,18800,18750,1533.0,738700,12700.0,-0.0001613607164001,-0.0001613737364412,0.0055686740472717,41.09871179252992,19640.772385141783,19630.17601586205,0.0044627579989227,0.8123159960745829,738700,12700.0,50,0.0016837353913248,1,TRANSITION,,,,1293,,,False
2025-10-28 18:48:46.418223,19656.429888773702,19658.93556239825,19644.029153420262,19652.877355008244,910,19659.81624739312,116309,405000,324600,18250,19150,24249.0,729600,-9100.0,-9.864616040999864e-05,-9.865102626172018e-05,0.0053370879969255,39.22783302006248,19644.80737509727,19633.01368325532,0.0069432163713567,0.8014814814814815,729600,-9100.0,-900,0.0016772603181188,0,TRENDED_UP,,,,1294,,,False
2025-10-28 18:53:46.418223,19664.51208161845,19671.12594513616,19650.555629926264,19668.606685692244,4150,19669.50895816962,101811,394400,321900,17750,18300,-14498.0,716300,-13300.0,0.0008003576473747,0.0008000375319863,0.0053457947992653,37.89515317647902,19652.740478628926,19637.462808559936,0.0073066407933704,0.8161764705882353,716300,-13300.0,-550,0.0016776337135622,1,TRANSITION,,,,1295,,,False
2025-10-28 18:58:46.418223,19674.200158053343,19685.93887784405,19664.664494227527,19673.66989065893,4670,19680.69543484142,116006,387800,324200,18650,17200,14195.0,712000,-4300.0,0.0002574257062331,0.0002573925779216,0.005329633725591,36.70795535076799,19659.716949305595,19641.98869382231,0.00661159132682,0.8359979370809696,712000,-4300.0,1450,0.0016582974236722,0,TRENDED_UP,,,,1296,,,False
2025-10-28 19:03:46.418223,19654.69036187473,19662.274525249995,19643.79477750389,19645.036925517896,2770,19651.76507965432,132527,401100,324700,16650,16650,16521.0,725800,13800.0,-0.001455395221134,-0.0014564553374771,0.005338030338683,36.21989519393039,19654.82360804303,19642.369722784257,0.0034330550027394,0.8095238095238095,725800,13800.0,0,0.0016673930044838,1,TRANSITION,,,,1297,,,False
2025-10-28 19:08:46.418223,19684.156402076755,19700.101543366884,19679.207128478265,19695.197814828225,2430,19697.175575325564,141893,404200,320400,16550,17300,9366.0,724600,-1200.0,0.0025533619254831,0.0025501076353329,0.0055074448057215,37.56594681214877,19668.281676971423,19648.97323428975,0.0052755199105882,0.7926768926274121,724600,-1200.0,-750,0.0016989218589198,1,TRANSITION,,,,1298,,,False
2025-10-28 19:13:46.418223,19679.18796795972,19707.06520437301,19667.588405777733,19702.01622669067,670,19708.488028984342,97203,398100,322600,18250,16300,-44690.0,720700,-3900.0,0.0003461966681701,0.0003461367559296,0.0054227949940194,37.70243622522947,19679.52652687784,19655.603608339865,0.0070913983190323,0.8103491585028887,720700,-3900.0,1950,0.0016970669455543,0,TRENDED_UP,,,,1299,,,False
2025-10-28 19:18:46.418223,19657.08850126657,19666.894809925023,19644.201684614643,19659.01618799053,3820,19669.80962636021,110694,402400,317200,17500,17500,13491.0,719600,-1100.0,-0.002182519707901,-0.0021849048751185,0.0055943010488202,39.13901521457212,19672.68974724874,19656.0301807962,0.0045031451458206,0.7882703777335984,719600,-1100.0,0,0.0016933681035225,1,TRANSITION,,,,1300,,,False
2025-10-28 19:23:46.418223,19673.110930736013,19676.52604995201,19655.722382605967,19664.218012859543,2920,19671.167470371605,96904,393200,310500,17000,18250,-13790.0,703700,-15900.0,0.0002646025019394,0.0002645675008707,0.0055922905364316,37.829347509677305,19669.86583578568,19657.05365980412,0.004893584823401,0.789674465920651,703700,-15900.0,-1250,0.0016903743031291,0,TRENDED_UP,,,,1301,,,False
2025-10-28 19:28:46.418223,19646.811765579387,19654.383668641683,19628.59074275757,19631.595697645367,4380,19633.05323465254,120283,397400,321800,18900,17850,23379.0,719200,15500.0,-0.0016589683450846,-0.0016603459568909,0.0055644282230603,37.67205626626989,19657.10912307224,19653.871414534275,0.0011163939647595,0.8097634625062909,719200,15500.0,1050,0.0016775251527214,1,TRANSITION,,,,1302,,,False
2025-10-28 19:33:46.418223,19647.83876537959,19660.72723095708,19645.568855117064,19650.37310062178,3250,19651.500035455272,116393,394700,315000,16250,16050,-3890.0,709700,-9500.0,0.000956488879743,0.0009560317357344,0.0053108890005338,37.062018912372686,19654.863782255423,19653.43412529521,-0.0009474606991998,0.7980744869521156,709700,-9500.0,200,0.001676053754925,0,TRENDED_UP,,,,1303,,,False
2025-10-28 19:38:46.418223,19647.766491036524,19662.815971530483,19636.057653099266,19658.61085317464,4990,19662.027068369927,86789,405200,313800,17700,16800,-29604.0,719000,9300.0,0.0004192160887062,0.000419128242191,0.0053163220424436,36.326040306575855,19656.11280589516,19654.08121628014,-0.0003560044864878,0.7744323790720632,719000,9300.0,900,0.0016664939623637,1,TRANSITION,,,,1304,,,False
2025-10-28 19:43:46.418223,19679.99250194718,19701.418841102783,19660.86818504328,19684.66815079128,1760,19695.174618097662,89732,401300,315800,16650,16100,2943.0,717100,-1900.0,0.0013254902806336,0.0013246125938835,0.0053671700128518,36.78903656525923,19665.631254193868,19657.90458309404,0.000604761618187,0.7869424370794916,717100,-1900.0,550,0.0016701905308463,0,TRENDED_UP,,,,1305,,,False
2025-10-28 19:48:46.418223,19694.20751970821,19699.735073203527,19686.703278798952,19694.183848837263,1240,19693.669107327,127720,410000,316500,18500,18200,37988.0,726500,9400.0,0.000483406576788,0.0004832897734701,0.0053481623777522,35.237456982901186,19675.148785741665,19662.43949131194,0.0001659108465024,0.7719512195121951,726500,9400.0,300,0.0015953606002735,2,SIDEWAYS,,,,1306,,,False
2025-10-28 19:53:46.418223,19693.66514007345,19696.90956604632,19681.329791705524,19687.862680780017,1110,19694.11632073,89016,408900,314600,18250,16050,-38704.0,723500,-3000.0,-0.0003209662358066,-0.0003210177564945,0.0053122779480545,33.83333679417943,19679.38675075445,19665.61738999545,0.0009457255339864,0.7693812668134018,723500,-3000.0,2200,0.0015941355224298,2,SIDEWAYS,,,,1307,,,False
2025-10-28 19:58:46.418223,19718.034365202544,19734.54683549625,19696.826134515704,19707.26670518136,3370,19701.970569035857,97764,385400,310700,16350,16500,8748.0,696100,-27400.0,0.0009855830831391,0.00098509771502,0.0053352524364021,34.751252360040404,19688.680068896752,19670.82355439369,0.0022555975014719,0.8061754021795537,696100,-27400.0,-150,0.0015868549104218,2,SIDEWAYS,,,,1308,,,False
2025-10-28 20:03:46.418223,19759.39310046725,19770.356286808143,19753.90709765756,19767.640190266244,2350,19775.119938204447,113500,402600,322600,18650,19850,15736.0,725200,29100.0,0.0030635138798325,0.0030588308830328,0.0054688573062181,36.77541873623637,19715.00010935325,19682.92563387776,0.0030991806458018,0.8012916045702931,725200,29100.0,-1200,0.0015869855791228,2,SIDEWAYS,,,,1309,,,False
2025-10-28 20:08:46.418223,19776.130769097723,19806.94218662388,19765.86683335764,19785.16620263653,2270,19793.58540952585,96688,396600,326100,19900,16800,-16812.0,722700,-2500.0,0.0008866011421493,0.0008862083435108,0.0054603493619697,37.082556916951056,19738.388807114345,19695.705704972606,0.0029390871600778,0.8222390317700454,722700,-2500.0,3100,0.0015895141947681,2,SIDEWAYS,,,,1310,,,False
2025-10-28 20:13:46.418223,19776.63563899552,19796.401287792432,19753.8000289375,19761.350971601656,2150,19777.32380380346,130679,400700,319300,16600,17250,33991.0,720000,-2700.0,-0.0012036912296293,-0.0012044162477753,0.0054000513156104,37.47674991252105,19746.04286194345,19703.91136330124,0.0035439443019986,0.7968555028699775,720000,-2700.0,-650,0.0015900924248727,2,SIDEWAYS,,,,1311,,,False
2025-10-28 20:18:46.418223,19737.95571981844,19753.98190969272,19720.90248298433,19753.64580549492,2320,19763.07990803084,120662,400300,328300,18450,19850,-10017.0,728600,8600.0,-0.0003899108981874,-0.0003899869332073,0.0053339092087996,37.68901696286432,19748.57717646061,19710.128168575447,0.0045675620742231,0.8201348988258806,728600,8600.0,-1400,0.0015853924099694,2,SIDEWAYS,,,,1312,,,False
2025-10-28 20:23:46.418223,19706.643213446783,19718.349139346334,19702.0185917681,19712.29972181141,770,19713.869603887484,82316,397200,317300,19600,17950,-38346.0,714500,-14100.0,-0.0020930862125719,-0.0020952797789348,0.0050958749577142,38.684602446004064,19736.484691577545,19710.399612729943,0.0058445181690647,0.7988418932527693,714500,-14100.0,1650,0.0015832470364357,2,SIDEWAYS,,,,1313,,,False
2025-10-28 20:28:46.418223,19697.81982422374,19715.30472444717,19685.155465358326,19711.604305797257,3790,19706.471920692664,88289,393900,314100,16400,17050,5973.0,708000,-6500.0,-3.527827924532101e-05,-3.527890153876001e-05,0.0050040136314553,38.07493506335009,19728.191229650783,19710.55019936336,0.0039648113009256,0.7974105102817974,708000,-6500.0,-650,0.0015829387354236,2,SIDEWAYS,,,,1314,,,False
2025-10-28 20:33:46.418223,19680.01576115194,19681.66465231357,19661.83852824024,19666.809213530105,2960,19673.776356629267,111751,404300,318300,17900,17700,23462.0,722600,14600.0,-0.0022725239190184,-0.0022751100202267,0.0050891486239818,38.90999524146902,19707.73055761056,19705.0825761342,0.0033522328064254,0.7872866683156072,722600,14600.0,200,0.0016121717915372,2,SIDEWAYS,,,,1315,,,False
2025-10-28 20:38:46.418223,19674.693883726915,19686.12743462409,19659.20463597765,19661.257797648515,3860,19663.259968588787,98959,395700,316500,17150,16300,-12792.0,712200,-10400.0,-0.0002822733378513,-0.0002823131844689,0.0046353061097669,38.053766913252616,19692.239637623214,19699.60447882349,0.0065697128039214,0.7998483699772555,712200,-10400.0,850,0.0016125086863016,2,SIDEWAYS,,,,1316,,,False
2025-10-28 20:43:46.418223,19676.562574300016,19681.871224509705,19674.524301802165,19675.096972327374,710,19681.00404084401,61188,399100,314700,16350,18500,-37771.0,713800,1600.0,0.0007038804343695,0.0007036328267204,0.0046407669782365,36.80802833810525,19686.525415857934,19696.541040511474,0.0067669377153627,0.7885241794036583,713800,1600.0,-2150,0.0016143263806232,2,SIDEWAYS,,,,1317,,,False
2025-10-28 20:48:46.418223,19692.399508727627,19706.163707859618,19688.52564060997,19697.35002462822,4760,19697.03377335093,80582,398500,320100,19450,17600,19394.0,718600,4800.0,0.001131026308645,0.0011303871802592,0.0039603413536126,36.39793599482944,19690.133618781365,19696.642163526067,0.0034315144915437,0.8032622333751568,718600,4800.0,1850,0.0016202615803851,2,SIDEWAYS,,,,1318,,,False
2025-10-28 20:53:46.418223,19690.51408783333,19724.28175953025,19671.7175481021,19708.19972187866,4690,19711.11734610485,104681,405100,319500,17300,16650,24099.0,724600,6000.0,0.0005508201477291,0.0005506685019938,0.003923415619894,37.5526699543524,19696.15565314713,19698.08685832014,0.0048675869506515,0.7886941495926931,724600,6000.0,650,0.0016163877600239,2,SIDEWAYS,,,,1319,,,False
2025-10-28 20:58:46.418223,19705.085583166776,19720.961440840496,19700.4501293147,19712.042255879373,1450,19705.9316096981,117810,409100,327400,17950,16400,13129.0,736500,11900.0,0.0001949713345175,0.0001949523300783,0.0039117415993973,36.33543006659833,19701.45118739121,19699.831283015046,0.0043835292991945,0.8002933268149597,736500,11900.0,1550,0.0015917165076065,2,SIDEWAYS,,,,1320,,,False
2025-10-28 21:03:46.418223,19707.188457013785,19724.99430967356,19685.36485022625,19704.797174185223,1710,19702.55354993648,118096,398400,319300,16950,18100,286.0,717700,-18800.0,-0.0003675459701284,-0.0003676135317043,0.0038928291237488,36.57071787950612,19702.56651632255,19700.45201941132,0.0030624483515027,0.8014558232931727,717700,-18800.0,-1150,0.0015908394788696,2,SIDEWAYS,,,,1321,,,False
2025-10-28 21:08:46.418223,19649.075043525645,19651.77527149476,19634.432727687825,19638.99144073375,2990,19635.924202082013,139256,402400,322900,17100,18550,21160.0,725300,7600.0,-0.003339579335416,-0.0033451681768728,0.0043427070612844,38.98455563792701,19681.374824459617,19692.769447076626,-0.00096636610272,0.8024353876739563,725300,7600.0,-1450,0.0015959411502348,2,SIDEWAYS,,,,1322,,,False
2025-10-28 21:13:46.418223,19621.60514652557,19634.126578102743,19615.62903820777,19633.67243930952,4280,19642.739994741227,86170,406200,326600,19350,17050,-53086.0,732800,7500.0,-0.0002708388279653,-0.0002708755114255,0.0043442518311636,37.86868755850207,19665.474029409583,19685.38232110573,-0.0010757560695925,0.8040374199901527,732800,7500.0,2300,0.0015877244013799,2,SIDEWAYS,,,,1323,,,False
2025-10-28 21:18:46.418223,19617.560935723293,19618.6801322116,19602.48607005384,19608.09835198595,3570,19607.15364809808,87127,401900,315700,18600,17000,957.0,717600,-15200.0,-0.0013025625950836,-0.0013034116671324,0.0044040454122476,37.39137910830048,19646.348803601708,19675.72182496576,-0.0022784960295334,0.7855187857676039,717600,-15200.0,1600,0.0015605418410384,2,SIDEWAYS,,,,1324,,,False
2025-10-28 21:23:46.418223,19582.19214267181,19598.743033943385,19578.30462058219,19598.13663474074,4690,19610.157720638308,99493,402500,320400,16450,16500,12366.0,722900,5300.0,-0.0005080409668694,-0.0005081700634086,0.0043796079538117,36.848689986547775,19630.27808064805,19666.02367618763,-0.0035828694974499,0.796024844720497,722900,5300.0,-50,0.0015616105359599,2,SIDEWAYS,,,,1325,,,False
2025-10-28 21:28:46.418223,19600.01795264814,19609.107983616115,19588.101943954563,19597.230980529268,4610,19596.34453575874,66480,402000,319400,16300,16050,-33013.0,721400,-1500.0,-4.621124081072292e-05,-4.621230858248282e-05,0.0043742319469225,35.71707210619092,19619.26238060846,19657.424589230337,-0.0038853406890777,0.7945273631840796,721400,-1500.0,250,0.0015573170331472,2,SIDEWAYS,,,,1326,,,False
2025-10-28 21:33:46.418223,19645.270227194065,19662.76408704363,19641.38661579026,19660.89393451162,3830,19677.188518110423,99938,394500,321800,19800,18550,33458.0,716300,-5100.0,0.0032485688435066,0.0032433036435683,0.0047034876064958,37.8467888496317,19633.139565242847,19657.858257390497,0.000807176339441,0.8157160963244613,716300,-5100.0,1250,0.0015972395958349,2,SIDEWAYS,,,,1327,,,False
2025-10-28 21:38:46.418223,19681.41424753324,19702.83634795846,19678.33728308239,19688.095411515875,4910,19680.522380103623,96089,401600,310500,16550,18950,-3849.0,712100,-4200.0,0.0013835320558088,0.0013825758571872,0.0045368933545147,38.13933346371794,19651.458180667192,19661.63790165617,-0.0003606159927473,0.7731573705179283,712100,-4200.0,-2400,0.0016041108863721,2,SIDEWAYS,,,,1328,,,False
2025-10-28 21:43:46.418223,19675.31072193109,19688.721698766527,19666.132879335,19673.96300751996,4690,19680.40210949634,115834,408300,321900,19600,19750,19745.0,730200,18100.0,-0.0007178146844845,-0.000718072436797,0.0045492079816106,37.02858246141856,19658.959789618115,19663.178539889144,-0.001423875548976,0.7883908890521675,730200,18100.0,-150,0.0015948815564586,2,SIDEWAYS,,,,1329,,,False
2025-10-28 21:48:46.418223,19719.552892284843,19722.54657748684,19711.97757310314,19714.431760171698,3750,19718.60292800504,119230,393800,320100,16150,19650,3396.0,713900,-16300.0,0.0020569700490069,0.0020548573827472,0.0045214626663321,37.85393871180883,19677.45044646931,19669.585192424463,0.0028188375069866,0.8128491620111732,713900,-16300.0,-3500,0.001614484700961,2,SIDEWAYS,,,,1330,,,False
2025-10-28 21:53:46.418223,19724.14810681668,19728.96953792637,19717.688607789456,19720.786048084905,1860,19717.563031622056,107145,396400,315000,19000,18400,-12085.0,711400,-2500.0,0.0003223165643579,0.0003222646315315,0.0045223155832439,36.18849864344184,19691.89564700784,19675.985299382017,0.0028766989456874,0.7946518668012109,711400,-2500.0,600,0.0016143609600475,2,SIDEWAYS,,,,1331,,,False
2025-10-28 21:58:46.418223,19714.37467006835,19734.262504676823,19711.25898110715,19718.596667943817,3260,19719.28130805798,100057,397200,327200,16700,16550,-7088.0,724400,13000.0,-0.0001110189084628,-0.0001110250715168,0.0044046507537961,35.246714709601285,19700.795987319834,19681.31172045224,0.0044316810328812,0.823766364551863,724400,13000.0,150,0.0015935974223787,2,SIDEWAYS,,,,1332,,,False
2025-10-28 22:03:46.418223,19696.440701042364,19709.43494477376,19693.34502442619,19697.20055521859,3690,19699.596040991884,107280,401200,328300,18650,19000,7223.0,729500,5100.0,-0.0010850727912098,-0.0010856619088865,0.0044323596754322,34.532781053031606,19699.59750995276,19683.297824798035,0.0023830313224602,0.8182951146560319,729500,5100.0,-350,0.0015534025656652,2,SIDEWAYS,,,,1333,,,False
2025-10-28 22:08:46.418223,19687.703239652656,19698.783352188377,19677.53620300869,19681.857848261465,3810,19687.269215220986,84143,398000,320400,18950,17700,-23137.0,718400,-11100.0,-0.0007789283007052,-0.00077923182298,0.0044540909544624,33.583807347792366,19693.68428938899,19683.117827730963,0.0011825349848191,0.8050251256281407,718400,-11100.0,1250,0.0015566734980529,2,SIDEWAYS,,,,1334,,,False
2025-10-28 22:13:46.418223,19676.43987479653,19687.22473145244,19666.61403290168,19674.81035655329,1100,19673.218172335142,98346,397800,328900,19050,16150,14203.0,726700,8300.0,-0.0003580704505898,-0.0003581345731209,0.0043936830839638,32.65715671943274,19687.39297844376,19682.07939383376,-0.0005007853910705,0.826797385620915,726700,8300.0,2900,0.0015567114695418,2,SIDEWAYS,,,,1335,,,False
2025-10-28 22:18:46.418223,19681.667110234903,19683.10831091732,19669.04333846122,19682.44037370563,2990,19688.88826473661,100335,399100,320300,17450,16950,1989.0,719400,-7300.0,0.0003878063886799,0.0003877312112177,0.004390360259043,31.329143557766173,19685.74211019772,19682.12451631774,-0.0005962915357026,0.8025557504384866,719400,-7300.0,500,0.0015528818405397,2,SIDEWAYS,,,,1336,,,False
2025-10-28 22:23:46.418223,19686.605091715912,19690.8537724348,19664.88428463889,19665.651317984903,1440,19670.29078249505,98498,391500,320800,17650,18300,-1837.0,712300,-7100.0,-0.0008529966509213,-0.0008533606595779,0.0044130891644735,30.94631100334775,19679.04517946011,19680.06536652613,-0.0011281754223528,0.8194125159642401,712300,-7100.0,-650,0.0015502594256108,2,SIDEWAYS,,,,1337,,,False
2025-10-28 22:28:46.418223,19686.891908549936,19698.68448507078,19674.01888061064,19691.40186162584,3450,19699.94311407203,96579,403100,325800,19100,17350,-1919.0,728900,16600.0,0.0013094172791208,0.0013085607399467,0.0044420781746758,31.09537215209976,19683.164073515352,19681.4824284136,-0.0008050250596827,0.8082361696849417,728900,16600.0,1750,0.0015588391565381,2,SIDEWAYS,,,,1338,,,False
2025-10-28 22:33:46.418223,19699.996068564866,19725.33021738637,19686.94820692273,19690.345816427256,2330,19689.18982364785,87574,407400,315300,18400,18100,-9005.0,722700,-6200.0,-5.362976216727322e-05,-5.363120029500124e-05,0.0040520721256229,31.6158463172095,19685.55798781932,19682.590351915307,-0.0039101467395712,0.7739322533136966,722700,-6200.0,300,0.0015320197751943,2,SIDEWAYS,,,,1339,,,False
2025-10-28 22:38:46.418223,19735.408449181687,19757.60518331293,19723.59316050405,19724.02770615421,3090,19725.550403063746,79487,403200,318800,17050,16050,-8087.0,722000,-700.0,0.0017105788817002,0.0017091175079375,0.004147623628931,34.16181207209991,19698.381227264283,19687.77002119517,-0.0030901179123868,0.7906746031746031,722000,-700.0,1000,0.0015421545972365,2,SIDEWAYS,,,,1340,,,False
2025-10-28 22:43:46.418223,19763.73587192416,19769.7513166238,19728.936238422764,19747.06175792351,3360,19759.55445046777,95898,394400,316100,19900,17200,16411.0,710500,-11500.0,0.0011678168431143,0.0011671354754483,0.0041562733759655,34.987654814777606,19714.60807081736,19695.181488286213,-0.0007230889071642,0.8014705882352942,710500,-11500.0,2700,0.0015309265507372,2,SIDEWAYS,,,,1341,,,False
2025-10-28 22:48:46.418223,19719.961361988426,19725.454658670777,19688.59369244729,19702.273616615665,2040,19700.85876585421,111886,399600,322400,19050,19800,15988.0,722000,11500.0,-0.0022680914182017,-0.0022706674333718,0.0043460793004508,36.6648270048806,19710.496586083464,19696.0680043274,-0.0026006434146432,0.8068068068068068,722000,11500.0,-750,0.0015487457129092,2,SIDEWAYS,,,,1342,,,False
2025-10-28 22:53:46.418223,19644.757486497816,19650.51747819098,19630.046225764047,19631.443767755656,2350,19627.16915798222,65251,385100,324800,16600,17800,-46635.0,709900,-12100.0,-0.0035950088927947,-0.0036014864665467,0.0046543148883013,39.20501013679042,19684.145646640864,19687.989974755925,-0.004101802184262,0.8434172942092963,709900,-12100.0,-1200,0.0015577901647119,2,SIDEWAYS,,,,1343,,,False
2025-10-28 22:58:46.418223,19672.505244273296,19678.60147949496,19661.78138199872,19665.531135019653,4580,19665.74182072536,90054,400300,327500,17950,19100,24803.0,727800,17900.0,0.0017363657847715,0.0017348600444595,0.0047752712527487,39.77306025125558,19677.940809433792,19685.18261978889,-0.0023373628073516,0.8181363977017237,727800,17900.0,-1150,0.001555869487805,2,SIDEWAYS,,,,1344,,,False
2025-10-28 23:03:46.418223,19632.407996260896,19660.51096708064,19619.00370993989,19651.58158641607,1180,19645.04183661355,141381,402200,322000,16850,16950,51327.0,724200,-3600.0,-0.0007093400380497,-0.0007095917387278,0.004613609593673,40.25551488186324,19669.154401761218,19680.982490617287,-0.0007742805123446,0.8005967180507211,724200,-3600.0,-100,0.0015431008618599,2,SIDEWAYS,,,,1345,,,False
2025-10-28 23:08:46.418223,19625.986341704083,19642.51657240217,19614.643926658424,19620.82588803584,3750,19634.59711870881,96140,399900,320500,17750,16900,-45241.0,720400,-3800.0,-0.0015650495226038,-0.0015662754919105,0.0046950369710332,40.01852523013334,19653.04489718609,19673.462915294607,-0.002056425383808,0.8014503625906476,720400,-3800.0,850,0.0014876800765043,2,SIDEWAYS,,,,1346,,,False
2025-10-28 23:13:46.418223,19591.765537403884,19601.758535790967,19586.142289944622,19593.50675660701,3100,19595.76336036292,103026,399700,310700,18000,19750,6886.0,710400,-10000.0,-0.0013923537971703,-0.0013933240224215,0.0047311645268503,39.63745900592487,19633.1988503264,19663.46839545865,-0.0041468774377639,0.7773329997498124,710400,-10000.0,-1750,0.0014985087283445,2,SIDEWAYS,,,,1347,,,False
2025-10-28 23:18:46.418223,19539.076464610807,19543.215642204304,19538.003142859805,19542.988982827606,1640,19545.29639196238,136774,390800,312900,17650,17000,33748.0,703700,-6700.0,-0.0025782915946054,-0.0025816211125881,0.0048678748360248,40.77075577315918,19603.12889449347,19648.408468879778,-0.0078366400357211,0.8006653019447287,703700,-6700.0,650,0.0014210354005036,2,SIDEWAYS,,,,1348,,,False
2025-10-28 23:23:46.418223,19555.14798389789,19569.640005601155,19553.34806093469,19556.42948345388,3960,19564.697122173904,106388,398700,324900,18100,17350,-30386.0,723600,19900.0,0.0006877402754554,0.0006875038904858,0.00487618372005,39.76220341604416,19587.56242414694,19636.91109570154,-0.0077008676878941,0.8148984198645598,723600,19900.0,750,0.0014203809210464,2,SIDEWAYS,,,,1349,,,False
2025-10-28 23:28:46.418223,19577.624529931923,19592.43039201856,19569.307896808685,19576.86645043373,570,19576.520584663554,106845,393100,318500,17050,16100,457.0,711600,-12000.0,0.0010450254734453,0.0010444798144444,0.004926537631155,39.49353949808943,19583.99709957587,19629.405515043065,-0.0068575241312364,0.8102264054947851,711600,-12000.0,950,0.0014243483434359,2,SIDEWAYS,,,,1350,,,False
2025-10-28 23:33:46.418223,19560.897399838825,19573.912293110527,19532.926279591687,19549.20689050261,3140,19551.8503516414,81797,399100,315600,17400,16350,-25048.0,714700,3100.0,-0.0014128696234991,-0.0014138686649065,0.0049723474958169,39.81115602265739,19572.40036321812,19619.380686975503,-0.0078960611625299,0.7907792533199699,714700,3100.0,1050,0.0014291523719541,2,SIDEWAYS,,,,1351,,,False
2025-10-28 23:38:46.418223,19485.21512850068,19520.585424787507,19481.55677896986,19499.35094620772,3200,19498.852092391782,106256,402700,322000,16750,18500,24459.0,724700,10000.0,-0.002550279639176,-0.0025535371418357,0.0048256086142263,41.79965284480674,19548.050557547987,19604.376969379533,-0.007110369946819,0.799602681897194,724700,10000.0,-1750,0.0014605899342602,2,SIDEWAYS,,,,1352,,,False
2025-10-28 23:43:46.418223,19469.450825182965,19493.85814902022,19462.64173280351,19487.04338827533,2980,19480.68068790256,99704,395200,334300,19150,17300,-6552.0,729500,4800.0,-0.0006311778256794,-0.0006313771022607,0.0048308166244544,41.4360500276213,19527.714834457103,19589.710271741507,-0.0074682437270684,0.8459008097165992,729500,4800.0,1850,0.00146199322131,2,SIDEWAYS,,,,1353,,,False
2025-10-28 23:48:46.418223,19481.09131136337,19482.6663432452,19446.45306816644,19464.70129753034,1540,19468.89063388449,118498,395900,328800,16350,16200,18794.0,724700,-4800.0,-0.001146510032324,-0.0011471677777397,0.0048201593445238,41.37564074771201,19506.71032214818,19574.084149965114,-0.0073131545895722,0.8305127557464006,724700,-4800.0,150,0.0014677109352235,2,SIDEWAYS,,,,1354,,,False
2025-10-28 23:53:46.418223,19438.1173738926,19439.11706244797,19416.702274124043,19428.16477992066,3120,19438.02881332937,125546,403200,320900,18550,18700,7048.0,724100,-600.0,-0.0018770654145264,-0.0018788293094544,0.0049079751875087,41.84873950903951,19480.52847473901,19555.84422870956,-0.0086728579348088,0.7958829365079365,724100,-600.0,-150,0.0014787051051749,2,SIDEWAYS,,,,1355,,,False
2025-10-28 23:58:46.418223,19443.658802256352,19445.110678838115,19430.7105476393,19440.93853384309,2730,19445.28919204305,100606,396500,315100,18300,17750,-24940.0,711600,-12500.0,0.0006574863898434,0.000657270340362,0.0049360734526675,40.069965181069286,19467.331827773705,19541.48101685125,-0.0079752311355344,0.794703656998739,711600,-12500.0,550,0.0014817225234955,2,SIDEWAYS,,,,1356,,,False
2025-10-29 00:03:46.418223,19443.406721253017,19457.124597189628,19433.08300223068,19434.02977093079,3770,19443.279152477364,107641,406100,325900,19800,17200,7035.0,732000,20400.0,-0.0003553718818808,-0.0003554350414329,0.004480564907827,38.9250815937749,19456.2311421594,19528.04961111119,-0.011538852929907,0.8025116966264467,732000,20400.0,2600,0.0014726673973668,2,SIDEWAYS,,,,1357,,,False
2025-10-29 00:08:46.418223,19460.503768190632,19473.243815452555,19458.29556083192,19465.426940470432,4200,19462.92100871255,62202,406300,318900,16550,16250,-45439.0,725200,-6800.0,0.0016155768983439,0.0016142732578856,0.0045131887700805,38.94572180291716,19459.29640826308,19520.22177728109,-0.0113098025172714,0.7848880137829191,725200,-6800.0,300,0.0014480118881699,2,SIDEWAYS,,,,1358,,,False
2025-10-29 00:13:46.418223,19464.18936350409,19466.521441199948,19453.21032907168,19457.101749476184,3200,19456.59174432082,55286,399600,320300,19900,17600,-6916.0,719900,-5300.0,-0.0004276911582626,-0.0004277826442127,0.0045088872183319,37.11467825472788,19458.56485533412,19512.331773805483,-0.0110227541833275,0.8015515515515516,719900,-5300.0,2300,0.0014465507925448,2,SIDEWAYS,,,,1359,,,False
2025-10-29 00:18:46.418223,19435.99444886364,19464.165988928253,19413.75198757389,19457.03445772132,2140,19453.37090983468,121863,408200,320000,19850,17200,66577.0,728200,8300.0,-3.458467542016841e-06,-3.458473521789074e-06,0.0042836498224511,38.06462990470149,19458.05472279652,19505.41960929496,-0.0130562881842927,0.7839294463498285,728200,8300.0,2650,0.0014232602376598,2,SIDEWAYS,,,,1360,,,False
2025-10-29 00:23:46.418223,19471.10531992813,19501.134023485905,19453.93923619397,19482.69596846261,1320,19488.73496641938,50102,410600,322500,17100,18000,-71761.0,733100,4900.0,0.0013188808806936,0.0013180119212563,0.0043797045602619,38.71678400378949,19466.268471351883,19502.57915419092,-0.0120730522121057,0.7854359473940575,733100,4900.0,-900,0.001435186286477,2,SIDEWAYS,,,,1361,,,False
2025-10-29 00:28:46.418223,19466.67041710433,19471.77163858994,19459.05868239881,19468.73947140111,3440,19470.778187394088,106546,393400,319300,19100,16950,56444.0,712700,-20400.0,-0.0007163534802416,-0.0007166101839963,0.0043796506006687,37.63967700807598,19467.09213803496,19498.34919384219,-0.0126711449475963,0.811642094560244,712700,-20400.0,2150,0.0014235280663748,2,SIDEWAYS,,,,1362,,,False
2025-10-29 00:33:46.418223,19466.0678004288,19487.629988158184,19457.19499832292,19476.06349254475,1830,19477.884162196504,96526,405900,323700,17450,19500,-10020.0,729600,16900.0,0.0003761939058457,0.0003761231626597,0.0043848075941206,37.12505649573219,19470.082589538222,19495.56348118001,-0.0112268269825406,0.7974870657797487,729600,16900.0,-2050,0.0014179260262539,2,SIDEWAYS,,,,1363,,,False
2025-10-29 00:38:46.418223,19439.03066888924,19453.643409845343,19438.837071730966,19449.779485022147,2600,19457.572931080496,124627,407700,329000,17300,17750,28101.0,736700,7100.0,-0.0013495544175373,-0.0013504658862437,0.0044144759928325,37.13229680416433,19463.314888032863,19489.84048166028,-0.0117914866080499,0.8069659063036546,736700,7100.0,-450,0.0014243086955759,2,SIDEWAYS,,,,1364,,,False
2025-10-29 00:43:46.418223,19426.30376131165,19431.4941287318,19418.419035370025,19420.826053707424,3620,19421.95450284124,99296,394900,319200,17550,19250,-25331.0,714100,-22600.0,-0.0014886251711501,-0.0014897342744291,0.0044582291965945,36.72002200758988,19449.15194325772,19481.213678166176,-0.0129091105958879,0.8083059002279058,714100,-22600.0,-1700,0.0014203215175011,2,SIDEWAYS,,,,1365,,,False
2025-10-29 00:48:46.418223,19400.732200091534,19401.61584142159,19388.66144572196,19392.814594002302,1410,19402.974518929143,136045,401400,328200,16400,17000,36749.0,729600,15500.0,-0.0014423413106969,-0.0014433824861992,0.0044670947618644,36.39463529172385,19430.372826839248,19470.16379264569,-0.0147149324069716,0.8176382660687593,729600,15500.0,-600,0.0014258079734154,2,SIDEWAYS,,,,1366,,,False
2025-10-29 00:53:46.418223,19395.893890531544,19404.91023001615,19395.79240026521,19396.651717810364,3860,19401.90233860158,95922,404700,318700,19250,18950,-40123.0,723400,-6200.0,0.0001978631719219,0.0001978435995848,0.0044788685622942,34.65899248616129,19419.13245716296,19460.97478329128,-0.0136786519716501,0.7874969112923152,723400,-6200.0,300,0.0014269861836179,2,SIDEWAYS,,,,1367,,,False
2025-10-29 00:58:46.418223,19445.952510450184,19454.39119805516,19434.924991335287,19454.33017802932,4520,19456.08409576825,122926,392200,310000,18000,17650,27004.0,702200,-21200.0,0.0029736297304339,0.0029692172387942,0.0047888673181882,36.30759875463521,19430.86503078508,19460.14420763353,-0.0120393502332872,0.7904130545639979,702200,-21200.0,350,0.0014781279740872,2,SIDEWAYS,,,,1368,,,False
2025-10-29 01:03:46.418223,19406.17083065685,19422.381796825008,19396.18460497732,19407.52014558288,1760,19402.36781769645,70035,404100,315400,16250,16100,-52891.0,719500,17300.0,-0.0024061497886627,-0.0024090492189738,0.0049176284214677,37.86745406158978,19423.083402384345,19453.5661998772,-0.0143636721000817,0.7804998762682505,719500,17300.0,150,0.0014409344154174,2,SIDEWAYS,,,,1369,,,False
2025-10-29 01:08:46.418223,19359.4516473917,19370.58592040793,19326.83363024727,19344.18675381916,2400,19351.90474162093,53959,397000,319800,17200,16550,-16076.0,716800,-2700.0,-0.0032633428325017,-0.0032686791483715,0.0049901836888812,40.92595843830539,19396.784519529283,19439.893769119943,-0.0192577782790548,0.8055415617128463,716800,-2700.0,650,0.001481902494749,2,SIDEWAYS,,,,1370,,,False
2025-10-29 01:13:46.418223,19402.41441952571,19404.405922335696,19389.391787800323,19394.62605324188,2080,19400.151207679955,99435,399100,313800,17650,18250,45476.0,712900,-3900.0,0.0026074654915519,0.0026040719511541,0.005227751998888,42.30404487246487,19396.06503076681,19434.235304635185,-0.017847501010636,0.7862691054873465,712900,-3900.0,-600,0.0015266913680619,2,SIDEWAYS,,,,1371,,,False
2025-10-29 01:18:46.418223,19396.51726294253,19407.36524959414,19392.633142959065,19395.799854979683,3800,19401.605416318947,71988,405100,325000,16800,17300,-27447.0,730100,17200.0,6.052200927109119e-05,6.0520177887823934e-05,0.0051455204945816,40.33462071265125,19395.97663883777,19429.43087342825,-0.0155552484753597,0.8022710441866205,730100,17200.0,-500,0.0015274099766099,2,SIDEWAYS,,,,1372,,,False
2025-10-29 01:23:46.418223,19377.254278250104,19382.35564744331,19365.17695691859,19376.521182422533,3840,19382.50637822593,98801,405300,325000,17650,17450,26813.0,730300,200.0,-0.0009939612030075,-0.0009944555100194,0.004825431081855,39.64092623754002,19389.49148669936,19422.81716205253,-0.0129854221802998,0.8018751542067605,730300,200.0,200,0.0015120715703503,2,SIDEWAYS,,,,1373,,,False
2025-10-29 01:28:46.418223,19407.69768676938,19431.92465108941,19405.73378913268,19426.838937890152,590,19427.64076472532,91736,399400,331000,17300,19600,-7065.0,730400,100.0,0.0025968415586006,0.0025934755915564,0.0049778525349795,40.766822125349904,19401.94063709629,19423.31988403224,-0.0121375921906552,0.828743114672008,730400,100.0,-2300,0.0015568896970821,2,SIDEWAYS,,,,1374,,,False
2025-10-29 01:33:46.418223,19390.269189038427,19397.67808279024,19361.74745968807,19376.831849390488,1560,19379.827270743823,112102,400800,330200,16800,18850,20366.0,731000,600.0,-0.0025741238015892,-0.00257744255474,0.0051278035221769,42.50429755940212,19393.57104119436,19417.50887970201,-0.0139810496075032,0.8238522954091816,731000,600.0,-2050,0.0015640524089891,2,SIDEWAYS,,,,1375,,,False
2025-10-29 01:38:46.418223,19443.646655663448,19457.08206642404,19443.260564905017,19448.561904949027,1360,19449.776168500222,78712,402400,323600,16800,16350,-33390.0,726000,-5000.0,0.0037018464172096,0.0036950114465756,0.00560491432934,45.20043466469841,19411.90132911258,19421.390507857894,-0.0087796499530558,0.8041749502982107,726000,-5000.0,450,0.0016447576566858,2,SIDEWAYS,,,,1376,,,False
2025-10-29 01:43:46.418223,19463.623373960345,19485.024333195204,19449.77620383977,19478.11514231121,1160,19489.315435324577,108493,386900,327300,17500,16000,29781.0,714200,-11800.0,0.0015195590042398,0.0015184056427095,0.0056584991717106,44.576291349089765,19433.9726001788,19428.48108716456,-0.0058892783067987,0.8459550271387956,714200,-11800.0,1500,0.0016555158850906,2,SIDEWAYS,,,,1377,,,False
2025-10-29 01:48:46.418223,19449.578294312512,19477.943338164016,19445.09252055305,19471.66766414511,1110,19473.95488240296,117278,393100,333100,19550,19700,8785.0,726200,12000.0,-0.0003310114001788,-0.0003310661965461,0.0054821495667922,43.75102923545182,19446.537621500906,19433.87940928713,-0.0036494580611577,0.8473670821673874,726200,12000.0,-150,0.0016468217437889,2,SIDEWAYS,,,,1378,,,False
2025-10-29 01:53:46.418223,19512.813466565072,19516.544827712853,19499.851418218903,19508.8680008226,4360,19509.1455718769,95885,402400,330100,18400,19100,-21393.0,732500,6300.0,0.0019104853944273,0.0019086627382769,0.0055860855544488,43.83146740204411,19467.314414608136,19443.252983229064,-0.0024320125855039,0.8203280318091452,732500,6300.0,-700,0.0016664177857296,2,SIDEWAYS,,,,1379,,,False
2025-10-29 01:58:46.418223,19495.28766651923,19519.34366497648,19490.891537470296,19500.07794579352,1950,19511.692762078343,109564,408500,325600,18100,19500,13679.0,734100,1600.0,-0.0004505671486787,-0.0004506686845573,0.0055496666154787,42.73294312376847,19478.23559166993,19450.35610354962,-0.0039224104038625,0.797062423500612,734100,1600.0,-1400,0.0016661094580915,2,SIDEWAYS,,,,1380,,,False
2025-10-29 02:03:46.418223,19517.19596429913,19528.32307777316,19514.327430395093,19522.7560265712,2020,19533.74716974256,80428,393000,308200,18200,19250,-29136.0,701200,-32900.0,0.0011629738527569,0.0011622981225194,0.0055437711808728,41.69809947061631,19493.075736637024,19459.40609392732,-0.0013530402578254,0.7842239185750636,701200,-32900.0,-1050,0.0016748764306489,2,SIDEWAYS,,,,1381,,,False
2025-10-29 02:08:46.418223,19526.155219890523,19539.576573380324,19518.612831295657,19528.063723207008,1560,19533.354115623464,92346,412000,330500,19050,17350,11918.0,742500,41300.0,0.0002718723026904,0.0002718353521125,0.0053441662553035,40.21707394304847,19504.73839882702,19467.98829758728,0.0014724991143806,0.8021844660194175,742500,41300.0,1700,0.0016223657909541,2,SIDEWAYS,,,,1382,,,False
2025-10-29 02:13:46.418223,19564.51511563369,19564.84676080866,19562.98119566652,19563.54818641681,1970,19566.69869047364,73158,409100,322200,18750,17150,-19188.0,731300,-11200.0,0.0018171009534158,0.0018154520226918,0.0054209971428484,39.97178563294885,19524.34166135695,19479.933283690967,0.0039259315339499,0.7875824981667074,731300,-11200.0,1600,0.0016407730942994,2,SIDEWAYS,,,,1383,,,False
2025-10-29 02:18:46.418223,19610.59024415461,19626.539955096094,19595.7466893251,19614.865111514617,2350,19616.55464065864,146775,401300,314500,17300,17750,73617.0,715800,-15500.0,0.0026230888491605,0.0026196545559322,0.0055464901109444,41.61607013625844,19554.51614474284,19496.79976216892,0.007714673433151,0.7837029653625717,715800,-15500.0,-450,0.0016683044238179,2,SIDEWAYS,,,,1384,,,False
2025-10-29 02:23:46.418223,19611.727813429938,19620.80779924855,19580.71850522108,19586.89695293996,3980,19590.555937620786,124575,407300,320100,19300,16800,-22200.0,727400,11600.0,-0.0014258654553908,-0.0014268829688788,0.0054936820091035,41.50701469991627,19565.30974747521,19508.0619110153,0.0081702093232889,0.7859071937147066,727400,11600.0,2500,0.0016772930006744,1,TRANSITION,,,,1385,,,False
2025-10-29 02:28:46.418223,19589.77249007226,19597.345665059944,19572.4853601146,19596.45328313863,3910,19595.230200392285,133202,398500,330700,19000,17050,8627.0,729200,1800.0,0.0004878940355705,0.0004877750539744,0.0054905234223108,40.31796400316118,19575.69092602969,19519.11083253072,0.0079993437057999,0.829861982434128,729200,1800.0,1950,0.0016785114696484,1,TRANSITION,,,,1386,,,False
2025-10-29 02:33:46.418223,19603.48931228624,19606.466936293884,19576.120793936363,19604.72607587917,2270,19611.48990403505,124288,401700,320100,19250,16050,-8914.0,721800,-7400.0,0.0004221576537861,0.0004220685703142,0.0054788242520618,39.60569102847258,19585.36930931285,19529.81273794928,0.0087833715889285,0.7968633308439134,721800,-7400.0,3200,0.0016247522872164,0,TRENDED_UP,,,,1387,,,False
2025-10-29 02:38:46.418223,19583.766895859484,19590.189315227115,19580.695839036365,19581.58844760014,4260,19595.21235517505,86736,407900,310000,17250,18550,-37552.0,717900,-3900.0,-0.0011802066598368,-0.0011809036521679,0.0054836690224359,38.49315858663923,19584.10902207528,19536.28470165563,0.0059675807515013,0.7599901936749204,717900,-3900.0,-1300,0.0016202030093059,1,TRANSITION,,,,1388,,,False
2025-10-29 02:43:46.418223,19643.19728729343,19672.77754222671,19635.45586257326,19663.300746258643,3840,19670.55229557232,69309,391800,319800,17850,17750,-17427.0,711600,-6300.0,0.0041729147192099,0.0041642322563202,0.0059156904195771,42.25715401806288,19610.50626346974,19552.161707231007,0.0105976213434773,0.8162327718223583,711600,-6300.0,100,0.0017083499621093,0,TRENDED_UP,,,,1389,,,False
2025-10-29 02:48:46.418223,19647.417158138243,19647.61460241843,19623.30035841876,19640.786803027542,3150,19638.21443182672,91518,399600,326200,17600,17050,22209.0,725800,14200.0,-0.0011449727348235,-0.0011456287168734,0.0059743280903703,42.0959564339071,19620.59977665568,19563.23984420557,0.0094440057504909,0.8163163163163163,725800,14200.0,550,0.0016927091490874,1,TRANSITION,,,,1390,,,False
2025-10-29 02:53:46.418223,19636.850037653498,19644.42200996912,19618.140955561103,19632.89246627797,1980,19639.499528091103,109506,397200,320900,17000,16100,17988.0,718100,-7700.0,-0.0004019358709373,-0.0004020166688114,0.0059575091259114,40.96632057491492,19624.69733986311,19571.94642196462,0.0077092255639821,0.8079053373615307,718100,-7700.0,900,0.0016925021861135,0,TRENDED_UP,,,,1391,,,False
2025-10-29 02:58:46.418223,19642.487024287184,19679.486490824453,19634.863495121223,19662.046554235552,2960,19667.12647143481,94194,401100,324000,18800,16150,-15312.0,725100,7000.0,0.0014849614241843,0.0014838599592561,0.0059688054031279,41.36829943002677,19637.14707798725,19583.208938498487,0.0099291011171218,0.8077786088257293,725100,7000.0,2650,0.0017044003165727,1,TRANSITION,,,,1392,,,False
2025-10-29 03:03:46.418223,19603.0317625958,19609.75609018474,19590.13499250635,19594.8763005021,3030,19601.418803201483,55304,407900,317900,18350,18950,-38890.0,725800,700.0,-0.0034162391767393,-0.0034220878458963,0.0063403681991784,43.54996102282492,19623.056818825546,19584.66735874894,0.0061004528971078,0.7793576857072811,725800,700.0,-600,0.0017544674978448,1,TRANSITION,,,,1393,,,False
2025-10-29 03:08:46.418223,19574.67844617027,19580.71931180085,19557.18890370436,19569.294281284365,780,19568.39662555673,114941,405400,320800,17750,16450,59637.0,726200,400.0,-0.0013055463492299,-0.0013063993173396,0.0063367840590797,43.13120643531891,19605.13597297848,19582.745724065862,0.0061447892689092,0.7913172175629009,726200,400.0,1300,0.0017593071521582,0,TRENDED_UP,,,,1394,,,False
2025-10-29 03:13:46.418223,19610.15287300741,19611.2025795171,19606.216303535577,19608.711277492563,4010,19612.65276969585,68035,402800,324000,16500,16150,-46906.0,726800,600.0,0.0020142267596177,0.0020122009247707,0.0063365363545519,43.04385584942003,19606.32774114984,19585.9914182442,0.0096744197834608,0.8043694141012909,726800,600.0,350,0.0017798055625049,1,TRANSITION,,,,1395,,,False
2025-10-29 03:18:46.418223,19591.03560313615,19602.65334635701,19586.549009302365,19599.271032722245,3150,19608.38331534158,91553,400700,319800,18150,17850,23518.0,720500,-6300.0,-0.000481431167848,-0.0004815470930417,0.0062698048426996,41.55231387376125,19603.97550500731,19587.65137005396,0.0106460275644462,0.798103319191415,720500,-6300.0,300,0.0017796696025034,0,TRENDED_UP,,,,1396,,,False
2025-10-29 03:23:46.418223,19560.4902451634,19569.251456780512,19555.8413530774,19562.5226046224,620,19560.15555176733,134875,399400,323600,17100,16950,43322.0,723000,2500.0,-0.0018749895360132,-0.0018767495292166,0.0063974421251325,41.68641142883881,19590.157871545674,19584.51027437501,0.008551521635032,0.8102153229844767,723000,2500.0,150,0.0017921593212124,1,TRANSITION,,,,1397,,,False
2025-10-29 03:28:46.418223,19576.438134177766,19582.438148721427,19553.384014364296,19563.785634108168,960,19565.06242604972,100981,410000,332500,19000,16000,-33894.0,742500,19500.0,6.456373297525353e-05,6.456164882706616e-05,0.0061985416557369,40.78410592371684,19581.367125733173,19581.91969434166,0.0056262772903106,0.8109756097560976,742500,19500.0,3000,0.0017829050953989,1,TRANSITION,,,,1398,,,False
2025-10-29 03:33:46.418223,19611.48302513978,19612.04235607752,19596.24959498211,19606.26471776864,2000,19608.492850285504,121533,397200,315000,16400,18450,20552.0,712200,-30300.0,0.0021713120586648,0.0021689581673758,0.0061025106104108,41.31786421269077,19589.66632307833,19584.96282227004,0.0102405959491427,0.7930513595166163,712200,-30300.0,-2050,0.0018069881184979,0,TRENDED_UP,,,,1399,,,False
2025-10-29 03:38:46.418223,19632.840371821592,19644.46289005885,19616.51543372757,19626.878325503407,990,19636.682150158387,106936,396800,324700,16900,18800,-14597.0,721500,9300.0,0.0010513786298154,0.0010508263183961,0.005728862239776,41.095029075370654,19602.07032388669,19590.202260174206,0.0146137739095408,0.8182963709677419,721500,9300.0,-1900,0.0017979705475079,1,TRANSITION,,,,1400,,,False
2025-10-29 03:43:46.418223,19662.39178620202,19665.75233684161,19651.309715229912,19661.632610979363,2640,19672.33345008384,79821,404600,315600,18150,18000,-27115.0,720200,-1300.0,0.0017707495251955,0.0017691835965596,0.0056440261016035,40.936384951287366,19621.924419584248,19599.13105402485,0.0137670381993704,0.7800296589223925,720200,-1300.0,150,0.0018067202272629,0,TRENDED_UP,,,,1401,,,False
2025-10-29 03:48:46.418223,19640.280250021573,19645.05179702664,19631.34696882911,19644.462094420665,1810,19637.10446394667,114586,399200,317800,17500,19950,34765.0,717000,-3200.0,-0.0008733006509901,-0.000873682200158,0.0056910001266936,40.175617608356205,19629.436977863053,19604.797434074328,0.0128204168582994,0.7960921843687375,717000,-3200.0,-2450,0.0017868009234918,1,TRANSITION,,,,1402,,,False
2025-10-29 03:53:46.418223,19598.633730392936,19608.631738855005,19591.191148866183,19602.731861109733,4210,19612.518576662213,98735,396200,307900,18650,17550,-15851.0,704100,-12900.0,-0.0021242746739695,-0.0021265341458072,0.0058211454225621,41.11099817593667,19620.53527227861,19604.53923745375,0.0116744732739955,0.7771327612317012,704100,-12900.0,1100,0.0017467958779434,0,TRENDED_UP,,,,1403,,,False
2025-10-29 03:58:46.418223,19643.01602672164,19649.235313958783,19619.520628133192,19625.57291304743,1620,19636.4393283144,70283,390300,321600,17350,16700,-28452.0,711900,7800.0,0.0011651973867483,0.0011645190711373,0.0056945339999914,41.49617350973052,19622.21448586822,19607.16844690296,0.0102298668245848,0.8239815526518063,711900,7800.0,650,0.00173859271436,1,TRANSITION,,,,1404,,,False
2025-10-29 04:03:46.418223,19633.70705550554,19652.506396193123,19620.47397833438,19644.1516083426,3010,19654.649565312448,66926,386400,327900,19100,19200,-3357.0,714300,2400.0,0.0009466574747898,0.0009462096771866,0.0054359358883608,40.82019096323144,19629.526860026348,19611.79134208292,0.013795844492531,0.8486024844720497,714300,2400.0,-100,0.0017408254990884,0,TRENDED_UP,,,,1405,,,False
2025-10-29 04:08:46.418223,19626.51753628807,19634.305770548974,19620.573841718007,19628.996059730605,3900,19629.80304364433,107665,421100,311300,17400,17700,40739.0,732400,18100.0,-0.0007715043598807,-0.0007718021225286,0.0051287767918417,39.58858922475721,19629.34992659444,19613.941931788875,0.0092775062579646,0.7392543338874377,732400,18100.0,-300,0.0017317566568847,1,TRANSITION,,,,1406,,,False
2025-10-29 04:13:46.418223,19665.85490918385,19686.904463557254,19665.53983887748,19679.4689123664,1020,19682.04809206082,142826,401800,316300,18050,18350,35161.0,718100,-14300.0,0.0025713415236421,0.002568041281183,0.0052457635045122,40.89714741060657,19646.05625518509,19622.132804361067,0.0103374360703825,0.7872075659532105,718100,-14300.0,-300,0.0017528517066857,0,TRENDED_UP,,,,1407,,,False
2025-10-29 04:18:46.418223,19682.46668777376,19689.02228640544,19670.84446198931,19686.83814716359,1790,19681.51824417181,78474,394700,332500,18200,19900,-64352.0,727200,9100.0,0.0003744630929831,0.000374392999177,0.0052306749268492,39.27433862528672,19659.65021917792,19630.220972211384,0.0110504393732384,0.8424119584494553,727200,9100.0,-1700,0.0017181744179363,1,TRANSITION,,,,1408,,,False
2025-10-29 04:23:46.418223,19696.12774496062,19720.27361494433,19684.78591583812,19706.97364379264,3730,19698.529482775484,80860,396600,327300,16800,16400,2386.0,723900,-3300.0,0.0010227897683989,0.0010222670753172,0.0051667574682821,39.00386437392398,19675.42469404949,19639.81505615904,0.0101546457212013,0.8252647503782148,723900,-3300.0,400,0.0017205829818671,0,TRENDED_UP,,,,1409,,,False
2025-10-29 04:28:46.418223,19760.39256497874,19782.476059147208,19739.532542787336,19765.002124230545,2420,19766.811524759407,107955,413200,310000,16400,17000,27095.0,723200,-700.0,0.0029445657911144,0.0029402390487689,0.0053515217250653,41.61090372968448,19705.283837443178,19655.46343966798,0.0135858009990248,0.750242013552759,723200,-700.0,-600,0.0017547684486033,1,TRANSITION,,,,1410,,,False
2025-10-29 04:33:46.418223,19741.524922972145,19757.973623921567,19733.030486288524,19754.81319763116,1280,19759.217347827973,73721,401900,317700,16900,16100,-34234.0,719600,-3600.0,-0.0005155034406444,-0.0005156363582248,0.0053619069574704,40.92238474485134,19721.793624172504,19667.882159413377,0.0118864964938412,0.7904951480467778,719600,-3600.0,800,0.0017449227675726,0,TRENDED_UP,,,,1411,,,False
2025-10-29 04:38:46.418223,19769.217211180112,19788.29017064741,19766.024063801768,19774.37945431117,1060,19779.382982186537,147080,400200,322200,16500,16400,73359.0,722400,2800.0,0.0009904551606874,0.0009899649836135,0.0053720412207912,40.39056962137993,19739.322234218725,19681.1943212756,0.0126134231532357,0.8050974512743628,722400,2800.0,100,0.0017106594386136,1,TRANSITION,,,,1412,,,False
2025-10-29 04:43:46.418223,19771.10565081734,19775.473571728427,19766.507541438223,19770.137704476216,1460,19778.96194522824,82686,396100,316400,18050,18650,-64394.0,712500,-9900.0,-0.000214507355073,-0.0002145303650653,0.0053188135482748,38.145959669153136,19749.59405763789,19692.31224417568,0.0105599207306803,0.7987881848018177,712500,-9900.0,-600,0.001707931974808,0,TRENDED_UP,,,,1413,,,False
2025-10-29 04:48:46.418223,19779.27059684728,19802.84201936308,19775.10353168792,19801.74414747197,2470,19823.889244585404,90021,386900,316000,19650,19950,7335.0,702900,-9600.0,0.0015986961481102,0.0015974195937893,0.0052027110799013,37.75727075613231,19766.977420915915,19705.99123208772,0.0095274188680323,0.8167485138278625,702900,-9600.0,-300,0.0017068932422542,0,TRENDED_UP,,,,1414,,,False
2025-10-29 04:53:46.418223,19824.86885492649,19850.585545332862,19818.70979610983,19833.68137710468,1840,19835.29192757733,83909,394600,317800,18050,18150,-6112.0,712400,9500.0,0.0016128493225069,0.0016115500778415,0.0051485003278474,38.54899412075796,19789.21207297884,19721.95250021484,0.0125994650790091,0.8053725291434364,712400,9500.0,-100,0.0016912650953052,1,TRANSITION,,,,1415,,,False
2025-10-29 04:58:46.418223,19840.17467491889,19856.861995513824,19830.76901404181,19845.86626968464,1960,19843.550837753763,118695,398500,318600,16450,18550,34786.0,717100,4700.0,0.0006143535508251,0.0006141649129389,0.005149586668083,37.65927893156202,19808.096805214103,19737.44172139856,0.0127274554707614,0.7994981179422835,717100,4700.0,-2100,0.0016911390458252,1,TRANSITION,,,,1416,,,False
2025-10-29 05:03:46.418223,19856.39953957501,19866.089866820224,19840.692496080148,19843.72813436056,2210,19850.948084425323,143244,399900,312600,16900,16350,24549.0,712500,-4600.0,-0.0001077370619665,-0.0001077428660209,0.0051584284142131,36.7834283464559,19819.97391492959,19750.727523018813,0.0121910429942424,0.781695423855964,712500,-4600.0,550,0.0016897054903061,0,TRENDED_UP,,,,1417,,,False
2025-10-29 05:08:46.418223,19888.5683346395,19902.48522535762,19863.46906659324,19875.75703759652,1120,19881.05735971002,85935,407400,314400,17250,19500,-57309.0,721800,9300.0,0.0016140567447353,0.0016127555550884,0.0051155012049864,38.352975678641904,19838.5682891519,19766.356212341027,0.015022713340318,0.7717231222385862,721800,9300.0,-2250,0.0016896862195596,1,TRANSITION,,,,1418,,,False
2025-10-29 05:13:46.418223,19877.882511065647,19887.04086572173,19865.21592450737,19880.79179304724,1140,19881.341369181464,117331,405700,317900,19950,17800,31396.0,723600,1800.0,0.0002533113803513,0.0002532793024414,0.0046358218669879,37.172401788336025,19852.642790450347,19780.660659929305,0.0110607598182608,0.7835839290115849,723600,1800.0,2150,0.0016866734351708,1,TRANSITION,,,,1419,,,False
2025-10-29 05:18:46.418223,19853.074216839395,19857.27368808202,19852.127809959675,19854.518738409104,3440,19863.915001624497,73881,389200,307900,16350,16250,-43450.0,697100,-26500.0,-0.0013215295905529,-0.0013224035808701,0.004656280645678,36.56465759542379,19853.2681064366,19789.89291973928,0.0108820454865186,0.7911099691675231,697100,-26500.0,100,0.0017000199450387,0,TRENDED_UP,,,,1420,,,False
2025-10-29 05:23:46.418223,19822.182794391512,19832.453750058,19798.95205777692,19816.096169520635,2600,19815.23257423239,119185,399800,318200,18350,19900,45304.0,718000,20900.0,-0.0019352052494799,-0.0019370801784646,0.0048203403089524,37.92194495519226,19840.877460797947,19793.16832596195,0.0093314677680498,0.7958979489744873,718000,20900.0,-1550,0.0017200058328008,1,TRANSITION,,,,1421,,,False
2025-10-29 05:28:46.418223,19764.0003531425,19767.40428896716,19741.80947290625,19765.39354420496,1580,19768.58427137169,135167,401300,316200,16600,19700,15982.0,717500,-500.0,-0.0025586586218562,-0.0025619375831826,0.0050361740306382,40.519427216563145,19815.71615526695,19789.696478242327,0.0052561664770924,0.7879391976077748,717500,-500.0,-3100,0.0017543347405178,0,TRENDED_UP,,,,1422,,,False
2025-10-29 05:33:46.418223,19825.25102624417,19841.361480874773,19823.31406728753,19840.99849006193,3310,19844.54456611894,129047,393900,321300,16300,16950,-6120.0,715200,-2300.0,0.0038251171517471,0.0038178199935376,0.0049887577289181,43.05146360608111,19824.14360019861,19796.10922971978,0.0125605380603257,0.8156892612338157,715200,-2300.0,-650,0.0018137221133758,1,TRANSITION,,,,1423,,,False
2025-10-29 05:38:46.418223,19792.66900757963,19806.08132995336,19773.6818375185,19799.550943082544,2210,19797.881567492765,102656,398100,307800,16100,18300,-26391.0,705900,-9300.0,-0.0020889849369298,-0.0020911699094092,0.005098813159601,44.78469138732044,19815.94604782659,19796.539443890124,0.0117662220460545,0.773172569706104,705900,-9300.0,-2200,0.0018276785735285,0,TRENDED_UP,,,,1424,,,False
2025-10-29 05:43:46.418223,19786.29915988184,19797.08450803022,19771.518090942176,19775.010992022864,610,19768.823163790967,79343,393400,317000,17050,16750,-23313.0,710400,4500.0,-0.0012394195772532,-0.0012401882929378,0.0050880049131655,43.58813144110955,19802.30102922535,19793.84838740672,0.0084809099474674,0.8057956278596848,710400,4500.0,300,0.0018238234674714,1,TRANSITION,,,,1425,,,False
2025-10-29 05:48:46.418223,19778.28298099637,19785.68100882789,19774.950442387577,19777.18025442732,4550,19782.43475463672,100015,388400,319900,17750,18500,20672.0,708300,-2100.0,0.0001096971529033,0.0001096911366111,0.0050693053700989,41.24116251248154,19793.927437626007,19791.76487078429,0.0090773387136717,0.8236354273944387,708300,-2100.0,-750,0.0018096091997537,0,TRENDED_UP,,,,1426,,,False
2025-10-29 05:53:46.418223,19787.60292400248,19807.06724759915,19776.716188205,19779.63874545736,3820,19791.71648257874,93782,410000,318800,17000,19200,-6233.0,728800,20500.0,0.0001243094818579,0.0001243017560739,0.0049058212935702,40.4632980040293,19789.16454023646,19790.249105118422,0.011098575844388,0.7775609756097561,728800,20500.0,-2200,0.0018097231365182,1,TRANSITION,,,,1427,,,False
2025-10-29 05:58:46.418223,19812.028088524865,19812.238539606744,19802.65316152288,19808.187527707963,2690,19817.859282459223,91066,405200,325700,18100,17300,-2716.0,730900,2100.0,0.0014433419446127,0.0014423013278186,0.0049399686920046,39.90161915726894,19795.505536060293,19792.49140794212,0.0124925665293376,0.8038005923000987,730900,2100.0,800,0.0017824524571181,0,TRENDED_UP,,,,1428,,,False
2025-10-29 06:03:46.418223,19837.814562916963,19840.72613446035,19830.61717507581,19833.711947479424,4470,19843.79421412487,104130,397200,323100,16000,19500,13064.0,720300,-10600.0,0.0012885792673233,0.0012877497615715,0.0048595172499096,39.37568969977736,19808.24100653334,19797.64397538428,0.0116007425679942,0.8134441087613293,720300,-10600.0,-3500,0.0017508198248298,1,TRANSITION,,,,1429,,,False
2025-10-29 06:08:46.418223,19820.669880762027,19823.14169358704,19812.58919186972,19815.93625305563,3910,19815.149859433608,98669,396700,319900,19000,17500,-5461.0,716600,-3700.0,-0.0008962363913959,-0.0008966382513548,0.0048964544002642,38.07190869334353,19810.806088707435,19799.9305100932,0.009632603026155,0.8064028232921603,716600,-3700.0,1500,0.0016932828398852,0,TRENDED_UP,,,,1430,,,False
2025-10-29 06:13:46.418223,19815.89996502335,19819.13662722029,19797.251594527053,19803.46414653656,3350,19808.696635091022,114156,395400,325300,17500,18600,15487.0,720700,4100.0,-0.0006293977917467,-0.0006295959456874,0.0048483686561032,36.91570326476449,19808.35877465048,19800.37221464862,0.007213619456911,0.8227111785533637,720700,4100.0,-1100,0.0016733364954338,1,TRANSITION,,,,1431,,,False
2025-10-29 06:18:46.418223,19824.499353442607,19825.73592740217,19811.05405288833,19823.234008367,2210,19818.729219782505,114286,402000,319700,19550,17250,130.0,721700,1000.0,0.0009983032101934,0.0009978052369348,0.0048211783443114,35.869708807681945,19813.31718588932,19803.22993886342,0.0091003720583984,0.795273631840796,721700,1000.0,2300,0.0016749844678287,0,TRENDED_UP,,,,1432,,,False
2025-10-29 06:23:46.418223,19817.303639063983,19832.319654021667,19807.18139211275,19811.74877318309,2850,19816.715073477368,98744,399800,329900,17150,16250,-15542.0,729700,8000.0,-0.0005793825154392,-0.000579550422346,0.0046361228383988,35.103176886341544,19812.794381653912,19804.29479315337,0.0106626420008342,0.8251625812906453,729700,8000.0,900,0.0016701334610025,1,TRANSITION,,,,1433,,,False
2025-10-29 06:28:46.418223,19865.33981987467,19869.13145936832,19833.75681181496,19836.24257301878,2150,19848.47430144496,108645,393600,315700,18150,16800,9901.0,709300,-20400.0,0.0012363269954664,0.0012355633725729,0.0046404802409329,36.69457040769061,19820.6104454422,19808.28826563655,0.0107344463728391,0.8020833333333334,709300,-20400.0,1350,0.0016485567169396,0,TRENDED_UP,,,,1434,,,False
2025-10-29 06:33:46.418223,19880.174085581057,19904.29593045715,19872.136819392294,19900.58080620102,2360,19913.03759738398,126427,397500,328500,17800,18350,17782.0,726000,16700.0,0.0032434687640769,0.0032382200655298,0.0049146457409903,38.93448376702485,19847.26723236181,19819.82483320711,0.0130537171047651,0.8264150943396227,726000,16700.0,-550,0.0016446260433381,1,TRANSITION,,,,1435,,,False
2025-10-29 06:38:46.418223,19902.29943771725,19918.114200621767,19899.66879324199,19913.13394755571,2190,19929.246353232946,89367,398200,325800,18750,17550,-37060.0,724000,-2000.0,0.000630792712883,0.0006305938467843,0.0048638428718441,37.47097831079272,19869.22280409311,19831.48847250068,0.0144754162138747,0.8181818181818182,724000,-2000.0,1200,0.0015885995940696,0,TRENDED_UP,,,,1436,,,False
2025-10-29 06:43:46.418223,19922.29779367513,19923.98971830044,19910.83889762103,19918.54940612417,1010,19928.44401341021,100317,408500,326400,18750,18350,10950.0,734900,10900.0,0.0002719541074107,0.0002719171345955,0.004705703503275,35.73382419426535,19885.665004770133,19842.37108920361,0.0121487269205489,0.7990208078335373,734900,10900.0,400,0.0015817743488635,2,SIDEWAYS,,,,1437,,,False
2025-10-29 06:48:46.418223,19957.595693259635,19974.1163356422,19951.58222714642,19957.783484752665,3680,19964.623510444697,79432,401800,317200,17950,18200,-20885.0,719000,-15900.0,0.0019697256978177,0.0019677883317914,0.0047895142911219,37.15047457453404,19909.70449809765,19856.797638647247,0.0137627655372434,0.7894474863115978,719000,-15900.0,-250,0.0015922465624397,2,SIDEWAYS,,,,1438,,,False
2025-10-29 06:53:46.418223,19963.215192835432,19965.044828590067,19951.502411711564,19951.52019890187,2380,19960.746120114298,109597,392800,312200,19300,17750,30165.0,705000,-14000.0,-0.0003138267260779,-0.0003138759799892,0.0047969410859696,35.46418473910325,19923.64306503239,19868.637958679075,0.0124091379797559,0.794806517311609,705000,-14000.0,1550,0.0015826374072799,2,SIDEWAYS,,,,1439,,,False
2025-10-29 06:58:46.418223,19924.61878097719,19941.709461506827,19914.06658622836,19941.51209692647,1690,19949.571902697124,103970,410900,317000,16950,17700,-5627.0,727900,22900.0,-0.0005016210231414,-0.000501746877056,0.0045831715488471,35.60628673441836,19929.599408997085,19877.74722596,0.0089304302416206,0.7714772450717936,727900,22900.0,-750,0.0015831021511033,2,SIDEWAYS,,,,1440,,,False
2025-10-29 07:03:46.418223,19936.76717431072,19960.492523454694,19931.78038060368,19955.680075795783,1540,19954.8384195606,109217,405100,324800,16750,16950,5247.0,729900,2000.0,0.0007104766579608,0.0007102243889001,0.0045633708841556,35.1138478856038,19938.29296459665,19887.48883218948,0.0101679968398136,0.8017773389286595,729900,2000.0,-200,0.0015803557459218,2,SIDEWAYS,,,,1441,,,False
2025-10-29 07:08:46.418223,19917.496934877097,19930.00276459696,19912.35705906084,19919.057408303128,2110,19913.986036322163,80222,404000,314600,17200,19850,-28995.0,718600,-11300.0,-0.0018352001712572,-0.0018368862142246,0.0047097835224963,35.700217089128024,19931.88111249881,19891.434904203685,0.0073164345979219,0.7787128712871287,718600,-11300.0,-2650,0.0016057194799136,2,SIDEWAYS,,,,1442,,,False
2025-10-29 07:13:46.418223,19901.90913097584,19931.60646996623,19880.76776846098,19912.094237912508,3440,19921.349929203217,115311,393800,312900,16650,17000,35089.0,706700,-11900.0,-0.0003495732879266,-0.0003496344029123,0.0047148281374486,36.78153740456533,19925.28548763671,19894.017320917286,0.0071803512731301,0.7945657694261046,706700,-11900.0,-350,0.0015960795863439,2,SIDEWAYS,,,,1443,,,False
2025-10-29 07:18:46.418223,19919.62067164296,19925.85490856803,19891.99400093455,19921.36649471552,900,19937.861475384365,102040,403700,317400,17800,17650,-13271.0,721100,14400.0,0.0004656595480225,0.0004655511622608,0.0046487737252563,36.57292099234519,19923.97915666298,19897.435967642064,0.0060410005478643,0.78622739658162,721100,14400.0,150,0.0015668468798812,2,SIDEWAYS,,,,1444,,,False
2025-10-29 07:23:46.418223,19956.853815674785,19957.67975904516,19941.724274247244,19943.515398587115,4260,19953.03227318672,120589,412300,318300,16600,19250,18549.0,730600,9500.0,0.0011118164949914,0.0011111988847698,0.004606237137602,36.554374087866336,19930.49123730436,19903.195896510195,0.0055377526438045,0.7720106718408926,730600,9500.0,-2650,0.0015547912035912,2,SIDEWAYS,,,,1445,,,False
2025-10-29 07:28:46.418223,19957.6901723586,19958.05722255268,19936.36376562012,19953.58065075684,4130,19946.265326589262,91245,404700,325300,18200,19050,-29344.0,730000,-600.0,0.0005046879634089,0.0005045606512723,0.0046032163106311,35.49288000534448,19938.18770845519,19909.493990791023,0.0054275474604372,0.8038052878675562,730000,-600.0,-850,0.0015548269412961,2,SIDEWAYS,,,,1446,,,False
2025-10-29 07:33:46.418223,19967.13737489669,19992.259947612,19965.920932319845,19968.45448681476,2140,19969.33728114084,113648,401700,321700,17600,19150,22403.0,723400,-6600.0,0.0007454219028781,0.0007451442139601,0.0046109453248706,35.72048120890246,19948.27663457505,19916.86405279399,0.0062854294117358,0.8008464027881503,723400,-6600.0,-1550,0.0015558124420334,2,SIDEWAYS,,,,1447,,,False
2025-10-29 07:38:46.418223,20018.385240072104,20025.84359860372,20006.29619768047,20013.835584400204,3700,20016.657378490025,108900,400100,305200,16050,16250,-4748.0,705300,-18100.0,0.0022726394581717,0.0022700609191055,0.0046928120372534,37.26824053604928,19970.1296178501,19928.985494244764,0.0069470836528389,0.7628092976755811,705300,-18100.0,-200,0.0015636663772135,2,SIDEWAYS,,,,1448,,,False
2025-10-29 07:43:46.418223,20025.816037576456,20027.15943355903,20022.62723998817,20023.62668242149,4230,20016.481992152887,130493,397600,324200,19500,16550,21593.0,721800,16500.0,0.0004892164712755,0.0004890968439124,0.0046951196953628,35.557926866247705,19987.96197270723,19940.81564276685,0.0071845674388182,0.8153923541247485,721800,16500.0,2950,0.0014821316820548,2,SIDEWAYS,,,,1449,,,False
2025-10-29 07:48:46.418223,20104.321013067343,20108.62677611228,20096.694414346297,20103.40225004504,3840,20099.11883596864,97673,399100,313900,17550,17150,-32820.0,713000,-8800.0,0.003984071861147,0.0039761564635583,0.0050606610026535,39.0895102108578,20026.44206515317,19961.138968676627,0.012535358570765,0.7865196692558256,713000,-8800.0,400,0.0015435271411834,2,SIDEWAYS,,,,1450,,,False
2025-10-29 07:53:46.418223,20121.583244175283,20128.74111705696,20098.21500553564,20120.769542461552,2090,20124.5699001279,88902,402800,326200,17050,17550,-8771.0,729000,16000.0,0.0008638981700959,0.0008635252248474,0.004871108729283,38.47783887589067,20057.8845575893,19981.092790399744,0.0153750451317216,0.8098311817279047,729000,16000.0,-500,0.0015411934680479,2,SIDEWAYS,,,,1451,,,False
2025-10-29 07:58:46.418223,20068.71004736434,20073.092305226743,20066.648432058984,20069.234427610994,3130,20074.82351499465,90124,400300,322100,19600,16550,1222.0,722400,-6600.0,-0.0025612894547497,-0.0025645751682255,0.0048716684692108,39.59521541351047,20061.66784759653,19992.11049505115,0.0153723669972216,0.8046465151136648,722400,-6600.0,3050,0.0015814382288282,2,SIDEWAYS,,,,1452,,,False
2025-10-29 08:03:46.418223,20091.60167219488,20095.73074684566,20073.159587354745,20080.947044932105,4020,20079.02320500556,77833,404800,321400,19900,17650,-12291.0,726200,3800.0,0.0005836105688714,0.000583440334454,0.0044645335481351,38.65957997216442,20068.09424670839,20003.215063786272,0.012093572558375,0.7939723320158103,726200,3800.0,2250,0.0015024350855805,2,SIDEWAYS,,,,1453,,,False
2025-10-29 08:08:46.418223,20103.293112221505,20113.56210537101,20088.044114772165,20096.085919315447,670,20091.526481317,89938,402700,323900,16200,17950,12105.0,726600,400.0,0.0007538924508623,0.0007536084166925,0.0042182301780082,38.227828576931536,20077.42480424408,20014.823920727416,0.0149768536208394,0.8043208343680159,726600,400.0,-1750,0.0014860327709024,2,SIDEWAYS,,,,1454,,,False
2025-10-29 08:13:46.418223,20142.42459742051,20146.239168145166,20124.465097754863,20129.487276565065,2220,20140.719364674205,53188,396400,328300,18700,16150,-36750.0,724700,-1900.0,0.0016620827251496,0.0016607029942647,0.0041402976963205,39.079644309273554,20094.77896168441,20029.15684020712,0.0179254658662488,0.8282038345105953,724700,-1900.0,2550,0.0014804228960047,2,SIDEWAYS,,,,1455,,,False
2025-10-29 08:18:46.418223,20162.975755546104,20193.84017120938,20145.384956426835,20172.833591156963,4010,20174.553150574025,127375,405600,322500,19550,18800,74187.0,728100,3400.0,0.0021533740028421,0.0021510588160893,0.0042231198846176,40.88487647606222,20120.797171508595,20047.11643407585,0.0200055483966716,0.7951183431952663,728100,3400.0,750,0.0014917112178115,2,SIDEWAYS,,,,1456,,,False
2025-10-29 08:23:46.418223,20158.99025227929,20163.3331279318,20113.55236587069,20137.766394191643,820,20140.347579530724,138680,399100,328800,18650,17050,11305.0,727900,-200.0,-0.0017383376909771,-0.0017398503532071,0.0044314501809121,42.19890139107715,20126.453579069614,20058.447679090328,0.0181058740932027,0.8238536707592082,727900,-200.0,1600,0.0014881446252617,2,SIDEWAYS,,,,1457,,,False
2025-10-29 08:28:46.418223,20122.204521691267,20146.6530888326,20120.019170419924,20133.8109121025,3100,20134.53570769685,97048,397400,315300,19450,18500,-41632.0,712700,-15200.0,-0.0001964210931696,-0.0001964403863183,0.004424959936679,41.08711689262002,20128.90602341391,20067.86808321685,0.0164388278301106,0.7934071464519376,712700,-15200.0,950,0.0014897691557473,2,SIDEWAYS,,,,1458,,,False
2025-10-29 08:33:46.418223,20116.097657507184,20131.33544855568,20111.423006075074,20130.041627438564,2590,20129.41049854233,108762,401100,319200,16050,17650,11714.0,720300,7600.0,-0.0001872116848813,-0.0001872292111766,0.0044214431098736,39.75145897367764,20129.284558088795,20075.639776244563,0.014940707051904,0.7958115183246073,720300,7600.0,-1600,0.0014754439072399,2,SIDEWAYS,,,,1459,,,False
2025-10-29 08:38:46.418223,20090.651197924886,20097.19748671169,20075.79185960876,20087.61569553896,4320,20099.484161617875,103280,402200,323100,16900,18750,-5482.0,725300,5000.0,-0.0021075928547398,-0.0021098169541069,0.0046004128551053,40.78705246340109,20115.39493723885,20077.136766156364,0.0137101491957736,0.8033316757831924,725300,5000.0,-1850,0.0015092782900913,2,SIDEWAYS,,,,1460,,,False
2025-10-29 08:43:46.418223,20073.36490418355,20095.38922421157,20042.54157577796,20047.23804385377,3790,20045.95624543281,73738,408300,323400,16500,16750,-29542.0,731700,6400.0,-0.0020100768701064,-0.002012099785885,0.0047742881872044,41.64852360413028,20092.67597277716,20073.39942586854,0.012309659336033,0.7920646583394563,731700,6400.0,-250,0.0015293856411117,2,SIDEWAYS,,,,1461,,,False
2025-10-29 08:48:46.418223,20091.29576521384,20107.363487076684,20069.75896028177,20087.66616653205,4310,20092.76652636972,120525,391200,312900,19900,18550,46787.0,704100,-27600.0,0.0020166430203423,0.0020146123254729,0.004851181526771,42.96830357690057,20091.006037362124,20075.182768451483,0.0133395064626407,0.7998466257668712,704100,-27600.0,1350,0.001536497260206,2,SIDEWAYS,,,,1462,,,False
2025-10-29 08:53:46.418223,20141.8860831546,20148.9673916474,20138.74881711227,20141.239688122085,2130,20145.320530856658,123509,400000,326200,18900,18950,2984.0,726200,22100.0,0.0026669858581827,0.0026634357620363,0.0049725411680516,44.277797972504,20107.750587615446,20083.43988341031,0.0166310868723,0.8155,726200,22100.0,-50,0.0015289063658717,2,SIDEWAYS,,,,1463,,,False
2025-10-29 08:58:46.418223,20154.015296077378,20159.38843029784,20119.870442405805,20143.83149008606,4560,20136.087151089665,79180,398800,313000,18900,16100,-44329.0,711800,-14400.0,0.0001286813524941,0.0001286730737586,0.0049612345378904,43.93781153818481,20119.77755510565,20090.988834244778,0.0155064103463657,0.7848545636910732,711800,-14400.0,2800,0.0015265671389091,2,SIDEWAYS,,,,1464,,,False
2025-10-29 09:03:46.418223,20118.09611422811,20119.75991759589,20106.17518209736,20112.913507644884,4730,20118.38993348569,106597,401700,325800,19150,19400,27417.0,727500,15700.0,-0.0015348610544321,-0.0015360401603246,0.004824047237443,43.48913271322174,20117.4895392854,20093.72941841979,0.0106696735895117,0.8110530246452576,727500,15700.0,-250,0.0015459738488875,2,SIDEWAYS,,,,1465,,,False
2025-10-29 09:08:46.418223,20131.718744093272,20161.04331169448,20121.799849172563,20147.121473776813,540,20141.81893938677,94744,398800,321700,18450,17950,-11853.0,720500,-7000.0,0.0017007961635655,0.0016993514476517,0.0048828438730897,43.820609237248526,20127.36685078253,20100.403425339417,0.0117504119058982,0.8066700100300903,720500,-7000.0,500,0.0015473317034026,2,SIDEWAYS,,,,1466,,,False
2025-10-29 09:13:46.418223,20168.08824671762,20179.67183949908,20152.09650930713,20174.793401561088,830,20182.67444316457,123798,397600,321500,16850,16250,29054.0,719100,-1400.0,0.0013734928744184,0.0013725504958816,0.0049141863242346,43.01559184332115,20143.17570104205,20109.702172367128,0.0128645912015126,0.8086016096579477,719100,-1400.0,600,0.0015269519535296,2,SIDEWAYS,,,,1467,,,False
2025-10-29 09:18:46.418223,20149.85094511499,20158.33182368517,20138.758787538085,20140.53603056803,3290,20137.39561831493,98342,392900,329000,16700,19550,-25456.0,721900,2800.0,-0.0016980283421592,-0.0016994716263418,0.0049718144989122,42.51695057044128,20142.295810884047,20113.55640464224,0.0091569560294599,0.8373631967421736,721900,2800.0,-2850,0.0015511511012438,2,SIDEWAYS,,,,1468,,,False
2025-10-29 09:23:46.418223,20146.00217234468,20156.59111284648,20125.36798472742,20129.909554174075,1940,20137.08799231,98884,386100,316200,16250,19450,542.0,702300,-19600.0,-0.0005276163642231,-0.0005277556027145,0.0049822431658731,41.71024896677104,20138.167058647392,20115.60054833372,0.0089411410004749,0.818958818958819,702300,-19600.0,-3200,0.0015531748177704,2,SIDEWAYS,,,,1469,,,False
2025-10-29 09:28:46.418223,20146.64750530648,20172.150837296107,20142.61704088491,20143.353353993472,4000,20144.786518264827,136417,397800,325500,19650,18500,37533.0,723300,21000.0,0.000667851973364,0.0006676290594782,0.0049637838226182,41.748179977861085,20139.895823762752,20119.06964904119,0.0101216625943882,0.8182503770739065,723300,21000.0,1150,0.0015163067283799,2,SIDEWAYS,,,,1470,,,False
2025-10-29 09:33:46.418223,20123.1430888994,20125.42813224486,20113.039829238234,20120.995378242314,1200,20120.949151781395,74291,399100,316700,18000,17050,-62126.0,715800,-7500.0,-0.0011099430843636,-0.0011105595273761,0.0050258009634689,40.93141889053088,20133.59567525594,20119.31036519133,0.0082841227068499,0.7935354547732398,715800,-7500.0,950,0.0015237640999142,2,SIDEWAYS,,,,1471,,,False
2025-10-29 09:38:46.418223,20142.922194338244,20149.34770505404,20132.69022211396,20147.919645150218,3970,20153.22197189781,104961,407200,316400,17950,19400,30670.0,723600,7800.0,0.0013381180404732,0.0013372235583872,0.0049014677740838,40.03291231347326,20138.370331887367,20122.88652518619,0.0114896117901488,0.7770137524557956,723600,7800.0,-1450,0.00152706149668,2,SIDEWAYS,,,,1472,,,False
2025-10-29 09:43:46.418223,20139.46954577856,20140.83463342676,20130.018208617563,20134.079048463504,2790,20129.21550622791,101773,402400,330800,19350,16300,-3188.0,733200,9600.0,-0.0006869491704591,-0.000687185228152,0.0049221345716073,38.452092614843366,20136.93990407941,20124.285590595853,0.0111482402553286,0.8220675944333996,733200,9600.0,3050,0.001531037144776,2,SIDEWAYS,,,,1473,,,False
2025-10-29 09:48:46.418223,20152.348798196108,20164.845315405146,20137.383803405617,20157.50275712252,1740,20161.115662986773,87927,402100,314100,19050,16400,-13846.0,716200,-17000.0,0.0011633861475677,0.0011627099383133,0.0049427292683173,37.903105066757576,20143.79418842712,20128.437736411684,0.0118534169063972,0.7811489679184282,716200,-17000.0,2650,0.0015258325134915,2,SIDEWAYS,,,,1474,,,False
2025-10-29 09:53:46.418223,20125.7403257368,20151.635882204628,20105.116730085392,20145.21352958708,3270,20153.97015051943,140796,399000,328000,18300,17500,52869.0,727000,10800.0,-0.0006096602185058,-0.0006098461368644,0.0049560034713363,38.93759949321247,20144.267302147106,20130.534710558608,0.0101134693141538,0.8220551378446115,727000,10800.0,800,0.0015203301094101,2,SIDEWAYS,,,,1475,,,False
2025-10-29 09:58:46.418223,20112.73952583584,20123.54385158757,20100.05995684733,20120.94050565958,3200,20131.258148282606,106730,408700,317100,17800,19950,-34066.0,725800,-1200.0,-0.0012049027870492,-0.00120562926603,0.005031775363752,39.381597582250826,20136.49170331793,20129.33543494623,0.0083874597663446,0.7758747247369708,725800,-1200.0,-2150,0.0015312527052638,2,SIDEWAYS,,,,1476,,,False
2025-10-29 10:03:46.418223,20134.74628615926,20146.782146747395,20128.054124128244,20134.262161212067,4060,20135.49459401407,113435,400800,314700,16150,19750,6705.0,715500,-10300.0,0.0006620791681553,0.0006618600904353,0.0050293992130678,38.41445783264835,20135.748522615977,20129.95127572946,0.0083034805976993,0.7851796407185628,715500,-10300.0,-3600,0.0015316038245876,2,SIDEWAYS,,,,1477,,,False
2025-10-29 10:08:46.418223,20123.69031875695,20138.973957493272,20120.96239192723,20121.847487076346,640,20123.960367784588,116292,383700,310500,17800,16700,2857.0,694200,-21300.0,-0.0006165944416696,-0.0006167846141984,0.0049123041172637,36.95710838503355,20131.11484410277,20128.93830214782,0.0053968616970319,0.8092259577795152,694200,-21300.0,1100,0.0015248206918778,2,SIDEWAYS,,,,1478,,,False
2025-10-29 10:13:46.418223,20176.088984677725,20181.1792284722,20168.050132189164,20172.490850230894,2910,20167.496731767504,93582,389000,310900,19750,18900,-22710.0,699900,5700.0,0.0025168346587993,0.0025136727346986,0.0050878491493571,38.555296457235,20144.90684614548,20134.382370658204,0.0074344258495435,0.7992287917737789,699900,5700.0,850,0.0015536817128242,2,SIDEWAYS,,,,1479,,,False
2025-10-29 10:18:46.418223,20164.19960717036,20182.423497941265,20158.866192362424,20176.10294668189,2020,20175.594227459977,124835,394600,311300,16150,18700,31253.0,705900,6000.0,0.0001790605075902,0.0001790444781697,0.0045875503950389,37.48401139449256,20155.305546324285,20139.597442661165,0.0036163379577551,0.7889001520527116,705900,6000.0,-2550,0.0015400771761465,2,SIDEWAYS,,,,1480,,,False
2025-10-29 10:23:46.418223,20171.198344960107,20183.70007332684,20154.02546733992,20164.87151298873,1020,20159.466658915964,120810,396800,307100,17850,19750,-4025.0,703900,-2000.0,-0.0005566701222156,-0.0005568251205509,0.0045816391354436,36.92619672252298,20158.4942018791,20142.75670145211,0.0021918630117059,0.7739415322580645,703900,-2000.0,-1900,0.0015167159956594,2,SIDEWAYS,,,,1481,,,False
2025-10-29 10:28:46.418223,20199.637297830777,20215.273102802403,20195.27967406567,20200.094038990494,1980,20206.80091620064,97557,396400,328300,17350,17350,-23253.0,724700,20800.0,0.001746727023729,0.0017452032702092,0.0044026028935058,37.88872480046215,20172.360814249565,20149.923868644408,0.006520408730662,0.8282038345105953,724700,20800.0,0,0.0014809140189937,2,SIDEWAYS,,,,1482,,,False
2025-10-29 10:33:46.418223,20156.90883992172,20164.942971815315,20135.54163755779,20157.42483564223,4070,20166.549094314963,118765,398800,311900,18800,18200,21208.0,710700,-14000.0,-0.0021123269657015,-0.0021145610749719,0.0045918305381412,39.79327313133643,20167.382154713785,20150.86148951913,0.0038084752944669,0.7820962888665998,710700,-14000.0,600,0.0014438897346817,2,SIDEWAYS,,,,1483,,,False
2025-10-29 10:38:46.418223,20103.941429782542,20110.591224989395,20091.500475805344,20098.89750977121,4990,20100.178467750426,124798,388900,314000,18200,16500,6033.0,702900,-7800.0,-0.0029035120482022,-0.0029077354163575,0.0048888729965349,41.65977932458989,20144.553939732927,20144.365992050647,0.0001399073663921,0.8074055026999228,702900,-7800.0,1700,0.0014700727590001,2,SIDEWAYS,,,,1484,,,False
2025-10-29 10:43:46.418223,20058.18705652065,20065.74317078613,20041.30618970667,20044.422471176607,2680,20042.067859992538,115901,408300,312600,19200,19900,-8897.0,720900,18000.0,-0.0027103495884845,-0.0027140292361895,0.0050250276910724,42.79774652030067,20111.17678354749,20131.87305194139,-0.0042258803823329,0.7656135194709772,720900,18000.0,-700,0.0015072401881457,2,SIDEWAYS,,,,1485,,,False
2025-10-29 10:48:46.418223,20096.41173655512,20105.83306025599,20090.283536285995,20099.65705085767,1620,20105.535346954297,83295,398200,321000,18500,16600,-32606.0,719200,-1700.0,0.0027556084372342,0.0027518187087132,0.0051278844841649,44.12723527452088,20107.336872650885,20127.84605180593,-0.0036274794995271,0.8061275740833752,719200,-1700.0,1900,0.0015419939167102,2,SIDEWAYS,,,,1486,,,False
2025-10-29 10:53:46.418223,20079.98386605925,20088.581598274657,20078.970537530822,20079.37138667394,3370,20078.15879921985,98152,397400,322900,17600,18300,14857.0,720300,1100.0,-0.0010092542441096,-0.0010097638841077,0.0050668684637905,42.45289799254421,20098.015043991905,20121.78671866443,-0.0028997757931358,0.8125314544539507,720300,1100.0,-700,0.0015507303828435,2,SIDEWAYS,,,,1487,,,False
2025-10-29 10:58:46.418223,20157.38636627548,20168.594147115688,20149.37458010653,20162.428136484712,3260,20170.52499785857,109507,406700,319900,19400,18150,11355.0,726600,6300.0,0.0041364218137771,0.0041278903394932,0.0056095116412243,45.793602453201466,20119.48607482284,20126.86689589197,0.0014213516014005,0.7865748709122203,726600,6300.0,1250,0.0016227920533057,2,SIDEWAYS,,,,1488,,,False
2025-10-29 11:03:46.418223,20140.534353113828,20151.799279591098,20121.57832928389,20135.16085546249,4770,20150.87894765362,105042,401300,324400,17900,16300,-4465.0,725700,-900.0,-0.0013523808163203,-0.0013532961085651,0.0056650748769224,45.440474220888674,20124.711001702726,20127.90364083828,0.0002543078707273,0.8083727884375779,725700,-900.0,1600,0.001631216199178,2,SIDEWAYS,,,,1489,,,False
2025-10-29 11:08:46.418223,20146.31202980738,20158.7410213623,20135.652917361986,20158.60955321664,1320,20157.29259290934,85096,401300,320200,16550,18950,-19946.0,721500,-4200.0,0.0011645647095879,0.0011638871301116,0.0055598568384383,43.8790236265259,20136.01051887403,20131.741879885576,0.0035342102693376,0.7979068028906056,721500,-4200.0,-2400,0.0016283242761602,2,SIDEWAYS,,,,1490,,,False
2025-10-29 11:13:46.418223,20193.16964326828,20194.97946645016,20179.56876240901,20184.317222416885,4990,20183.86302116791,94268,409500,317000,16850,17100,9172.0,726500,5000.0,0.0012752699600822,0.0012744574940164,0.0054511297993062,43.342658598454086,20152.112753388315,20138.31379770199,0.0068378086928111,0.7741147741147741,726500,5000.0,-250,0.0016287367358012,2,SIDEWAYS,,,,1491,,,False
2025-10-29 11:18:46.418223,20254.22776108361,20272.680779859915,20254.107626380617,20271.56578800793,2670,20266.743766115964,107037,412600,329300,17550,17350,12769.0,741900,15400.0,0.004322591873167,0.0043132763081921,0.0058480179113039,46.55843708735237,20191.93043159485,20154.97029649023,0.0091548525324596,0.798109549200194,741900,15400.0,200,0.0017065900700386,1,TRANSITION,,,,1492,,,False
2025-10-29 11:23:46.418223,20317.159111907928,20330.28460960528,20289.450900589123,20299.405607387947,2750,20304.35526683394,69815,407900,317200,19450,17750,-37222.0,725100,-16800.0,0.0013733433160099,0.0013724011425964,0.0057176107147083,47.4270359809237,20227.75549019256,20173.024710352445,0.0078528393343701,0.7776415788183378,725100,-16800.0,1700,0.0017067338518486,0,TRENDED_UP,,,,1493,,,False
2025-10-29 11:28:46.418223,20354.22190107951,20366.272665478387,20346.69140837143,20358.64660426448,3190,20363.195483676493,100386,407000,313200,17050,18900,30571.0,720200,-4900.0,0.0029183611590564,0.0029141110101011,0.0059133359261027,48.81560898874629,20271.385861549865,20196.22744709145,0.0106640642960174,0.7695331695331695,720200,-4900.0,-1850,0.0017341114477533,1,TRANSITION,,,,1494,,,False
2025-10-29 11:33:46.418223,20385.7157771044,20403.97375102288,20368.594350748743,20390.56177448725,640,20392.98483003014,113932,400000,317900,18800,16450,13546.0,717900,-2300.0,0.001567646948402,0.0015664194725903,0.0058440501089732,48.566433115150254,20311.111165862327,20220.519238015924,0.0138044777419656,0.79475,717900,-2300.0,2350,0.0017014004369052,0,TRENDED_UP,,,,1495,,,False
2025-10-29 11:38:46.418223,20404.046499732183,20406.19398786779,20392.441422574226,20395.93020802845,4530,20400.108194286546,105658,403500,319200,18650,16350,-8274.0,722700,4800.0,0.0002632803156956,0.0002632456635147,0.0057985336214001,46.213988848392425,20339.384179917703,20242.445609267488,0.0123495922023144,0.7910780669144981,722700,4800.0,2300,0.0017012372381621,1,TRANSITION,,,,1496,,,False
2025-10-29 11:43:46.418223,20428.08726530774,20434.060921764725,20408.50429671061,20432.422043506485,3390,20430.111085602304,82850,393800,329500,19500,16050,-22808.0,723300,600.0,0.0017891724037999,0.0017875737414261,0.0058265043382345,45.636612054669726,20370.39680111397,20266.192663547365,0.0127698280134784,0.8367191467750127,723300,600.0,3450,0.0017105414871439,0,TRENDED_UP,,,,1497,,,False
2025-10-29 11:48:46.418223,20411.408853523488,20450.00702302446,20395.839319589188,20424.467242875584,4690,20418.361146128987,86369,403100,322100,17950,16750,3519.0,725200,1900.0,-0.0003893224510517,-0.0003893982567131,0.0057127021161097,46.24597572471277,20388.420281701176,20285.9769859634,0.0140975002788714,0.7990573058794344,725200,1900.0,1200,0.0017015415968428,1,TRANSITION,,,,1498,,,False
2025-10-29 11:53:46.418223,20386.57719654603,20397.33763452128,20352.228842002776,20363.980522346406,3880,20363.41601381025,129739,393100,314500,18100,18750,43370.0,707600,-17600.0,-0.0029614833919487,-0.0029658772609462,0.0060166997321589,48.10257752100527,20380.273695249587,20295.72742801127,0.011628018871242,0.8000508776392775,707600,-17600.0,-650,0.0017536566371701,0,TRENDED_UP,,,,1499,,,False
2025-10-29 11:58:46.418223,20386.67787211182,20395.408665414587,20377.96051328472,20391.80252033292,3140,20384.16259255217,81247,404900,320600,17000,17200,-48492.0,725500,17900.0,0.0013662357394215,0.0013653032885745,0.0060408257218259,46.91154648866063,20384.11663694404,20307.73681455148,0.0123340519313379,0.791800444554211,725500,17900.0,-200,0.0017550127524079,1,TRANSITION,,,,1500,,,False
2025-10-29 12:03:46.418223,20381.67810346227,20394.237611862914,20353.579600437053,20356.26958181991,2480,20354.93912720593,123713,392300,315200,19350,16950,42466.0,707500,-18000.0,-0.0017425109171972,-0.0017440308552743,0.0061049051954083,46.4648654127464,20374.834285236,20313.80341046003,0.011692970410003,0.8034667346418557,707500,-18000.0,2400,0.0017754812446534,0,TRENDED_UP,,,,1501,,,False
2025-10-29 12:08:46.418223,20368.030169420555,20377.73005649611,20344.82270708401,20358.1958244947,2070,20364.15911122837,87573,390800,322100,17300,16700,-36140.0,712900,5400.0,9.462650644564974e-05,9.462202964094502e-05,0.0060809428767312,45.49647141270025,20369.288131655565,20319.352462214363,0.0104366199115302,0.8242067553735927,712900,5400.0,600,0.0017528701701597,1,TRANSITION,,,,1502,,,False
2025-10-29 12:13:46.418223,20389.52124057909,20423.365106337555,20389.36351090548,20406.130201679887,3820,20410.57668838427,122603,393700,320200,17100,17950,35030.0,713900,1000.0,0.0023545493715857,0.0023517817636751,0.0061537631716626,46.901672157711154,20381.56882166368,20330.19967964756,0.0135119740297804,0.8133096266192532,713900,1000.0,-850,0.0017688646879454,1,TRANSITION,,,,1503,,,False
2025-10-29 12:18:46.418223,20418.963696555937,20436.01274288072,20404.165001879133,20413.024003446368,4960,20406.24412741121,110822,394000,312800,18250,16750,-11781.0,706800,-7100.0,0.000337829941216,0.0003377728895301,0.006139462938887,45.82639136084492,20392.053882257904,20340.552720122407,0.0126762352163669,0.7939086294416243,706800,-7100.0,1500,0.001768871716744,0,TRENDED_UP,,,,1504,,,False
2025-10-29 12:23:46.418223,20421.8758593428,20434.373524090264,20407.709736659646,20409.88944388933,4680,20420.396535873297,93039,396400,313100,18850,18850,-17783.0,709500,2700.0,-0.0001535568447138,-0.0001535686357723,0.0061191903836473,44.457633937257285,20397.99906946838,20349.21981059327,0.0131384020285276,0.7898587285570131,709500,2700.0,0,0.0017678653594334,1,TRANSITION,,,,1505,,,False
2025-10-29 12:28:46.418223,20467.3916289104,20469.41401666453,20449.68252519241,20465.365994401764,4460,20468.264478212022,64669,403000,302600,18150,18150,-28370.0,705600,-3900.0,0.0027181210689528,0.0027144336582534,0.0061737026586711,45.53384385425325,20420.45471111284,20363.738083569333,0.0171177628921126,0.7508684863523574,705600,-3900.0,0,0.0017932309598895,0,TRENDED_UP,,,,1506,,,False
2025-10-29 12:33:46.418223,20432.57485227786,20457.4364427046,20421.04484557504,20453.70117779887,2560,20449.8191250292,107971,402500,317500,18750,17100,43302.0,720000,14400.0,-0.0005699784018563,-0.0005701409012957,0.006207149193471,45.44722278085819,20431.53686667485,20374.983470348023,0.0158654443867425,0.7888198757763976,720000,14400.0,1650,0.0017972497059567,1,TRANSITION,,,,1507,,,False
2025-10-29 12:38:46.418223,20426.84453961296,20443.912902183973,20398.213910290466,20408.13679535813,2230,20409.98768126429,103631,404600,319300,16100,17250,-4340.0,723900,3900.0,-0.0022276839797679,-0.0022301689589099,0.0063729976118133,46.164368832825765,20423.73684290261,20379.127635974288,0.0142277844251457,0.7891744933267425,723900,3900.0,-1150,0.001811736339891,0,TRENDED_UP,,,,1508,,,False
2025-10-29 12:43:46.418223,20405.0967661848,20425.86786442935,20385.470750897857,20394.370725945675,2330,20394.882552768024,108278,399700,322100,19750,16600,4647.0,721800,-2100.0,-0.0006745382761048,-0.0006747658794044,0.0062879615561292,45.75242202558773,20413.9481372503,20381.033022220712,0.0109991313101645,0.8058543907930948,721800,-2100.0,3150,0.0018161765390425,1,TRANSITION,,,,1509,,,False
2025-10-29 12:48:46.418223,20348.24985947913,20368.25993050782,20344.55660853548,20363.484916497546,3140,20362.25655828298,110788,391900,312700,16500,19750,2510.0,704600,-17200.0,-0.0015144281656523,-0.0015155760710801,0.0063784317424996,46.04254312448823,20397.12706366605,20378.83950900532,0.0092873222500318,0.7979076294973207,704600,-17200.0,-3250,0.0017657485732693,0,TRENDED_UP,,,,1510,,,False
2025-10-29 12:53:46.418223,20345.92986336329,20369.83751308336,20328.42140209785,20364.8282041576,2950,20373.86566304264,73717,397300,328300,17550,16350,-37071.0,725600,21000.0,6.596550961490699e-05,6.596333398611876e-05,0.0063598731768012,45.71208368598968,20386.36077716324,20377.08809589935,0.009916090516127,0.8263277120563806,725600,21000.0,1200,0.0017637787968528,1,TRANSITION,,,,1511,,,False
2025-10-29 12:58:46.418223,20342.418026379604,20355.925970578897,20337.720796625214,20341.36600577886,850,20338.6830305808,107865,399800,321500,17550,17950,34148.0,721300,-4300.0,-0.0011520940978991,-0.0011527582684784,0.00635747839571,44.38317824644649,20371.36252003511,20372.62283463429,0.0069936291640859,0.804152076038019,721300,-4300.0,-400,0.0017354490098538,0,TRENDED_UP,,,,1512,,,False
2025-10-29 13:03:46.418223,20388.855213896702,20398.771991341426,20363.7433448882,20376.2237808196,4220,20381.427743009543,114850,397600,328900,19500,19600,6985.0,726500,5200.0,0.0017136398327841,0.0017121732272968,0.0062559315204121,45.31337876902655,20372.98294029661,20373.07295290745,0.0108545087957114,0.8272132796780685,726500,5200.0,-100,0.0017454947697996,1,TRANSITION,,,,1513,,,False
2025-10-29 13:08:46.418223,20408.36071887089,20433.90067662747,20396.35516135037,20429.7470839685,3080,20425.612195970672,114614,396600,318300,18350,19650,-236.0,714900,-11600.0,0.0026267528137025,0.0026233089280367,0.0060765388615154,46.196487128943815,20391.90432152057,20380.15721929009,0.01646108071532,0.802571860816944,714900,-11600.0,-1300,0.0017712591434856,0,TRENDED_UP,,,,1514,,,False
2025-10-29 13:13:46.418223,20377.2356001155,20395.241018714,20371.2882783952,20393.48076424924,680,20397.333728472662,74938,397500,318400,16750,19200,-39676.0,715900,1000.0,-0.0017751722314623,-0.0017767497168375,0.0059291307379811,47.072367017826416,20392.42980243013,20381.82266240998,0.0174142354849371,0.8010062893081761,715900,1000.0,-2450,0.0017812248798519,1,TRANSITION,,,,1515,,,False
2025-10-29 13:18:46.418223,20434.19074192337,20447.655248507483,20423.097554013515,20441.12760804917,4610,20446.843495240013,123085,396700,326600,16650,18650,48147.0,723300,7400.0,0.0023363762346766,0.0023336511514422,0.0058820849959824,47.579661106427466,20408.662404303144,20389.23578061488,0.0169888748015691,0.823292160322662,723300,7400.0,-2000,0.0017847374460301,0,TRENDED_UP,,,,1516,,,False
2025-10-29 13:23:46.418223,20471.85600758649,20472.506741756548,20463.23544811955,20463.540315632657,720,20469.27422999752,108573,411600,315200,16400,17050,-14512.0,726800,3500.0,0.0010964516250395,0.0010958509609828,0.005815010679592,46.422480577923935,20426.955041412984,20398.5238474921,0.0191325177248167,0.7657920310981535,726800,3500.0,-650,0.0017694340509206,1,TRANSITION,,,,1517,,,False
2025-10-29 13:28:46.418223,20489.94364253883,20504.80835789796,20482.88313472814,20489.44133832353,1530,20494.03592838284,111110,391400,319500,19400,19350,2537.0,710900,-15900.0,0.0012657156235613,0.0012649152808084,0.0054537817655683,46.05430641273672,20447.78380704984,20409.888533846028,0.0162189394861165,0.816300459887583,710900,-15900.0,50,0.0017729943340947,0,TRENDED_UP,,,,1518,,,False
2025-10-29 13:33:46.418223,20483.188686047302,20483.962708598105,20466.351658319323,20481.546343148424,2900,20484.174031842784,82085,388800,322400,19700,18700,-29025.0,711200,300.0,-0.0003853201775853,-0.0003853944324809,0.0053681919564048,44.41397595498456,20459.037985749364,20418.845760008822,0.0172030156685816,0.8292181069958847,711200,300.0,1000,0.0017740860721905,1,TRANSITION,,,,1519,,,False
2025-10-29 13:38:46.418223,20453.935864000152,20468.047944098034,20446.420976514983,20457.31946968272,4400,20454.880379376184,115141,390300,329900,18350,17950,33056.0,720200,9000.0,-0.0011828634937912,-0.0011835636289774,0.0054469760002215,43.750503860588616,20458.465147060484,20423.654973718065,0.0148179821469092,0.8452472457084295,720200,9000.0,400,0.0017568086407633,1,TRANSITION,,,,1520,,,False
2025-10-29 13:43:46.418223,20442.72383718497,20457.853896144043,20428.42181874072,20457.55504802851,4100,20455.186768186675,65521,397400,326000,16150,18950,-49620.0,723400,3200.0,1.1515601842981836e-05,1.1515535540240762e-05,0.0054334030781437,42.72775911364128,20458.16178071649,20427.892483006868,0.0135371349251369,0.8203321590337191,723400,3200.0,-2800,0.001730824157902,1,TRANSITION,,,,1521,,,False
2025-10-29 13:48:46.418223,20476.341356759527,20493.28422885608,20454.299460729413,20485.34497852417,2530,20491.278530845804,83036,407800,314700,17500,19250,17515.0,722500,-900.0,0.0013584189523341,0.0013574971360217,0.004967355612628,42.46040261457159,20467.22284665239,20435.07404494653,0.0105457660622694,0.7717018146150073,722500,-900.0,-1750,0.0017220903407084,0,TRENDED_UP,,,,1522,,,False
2025-10-29 13:53:46.418223,20534.51274253965,20545.24746181278,20523.135123511387,20523.45104614897,3020,20519.78919760357,125331,393600,327000,18800,18900,42295.0,720600,-1900.0,0.0018601623582492,0.001858434398775,0.0050085969717928,43.70626551986029,20485.96557981792,20446.121170096834,0.0110370442905718,0.8307926829268293,720600,-1900.0,-100,0.0017066432314943,1,TRANSITION,,,,1523,,,False
2025-10-29 13:58:46.418223,20582.308256048647,20596.744433045285,20576.52534663776,20596.47399317248,1910,20591.38229294161,114171,397800,321100,19050,18250,-11160.0,718900,-1700.0,0.0035580247619813,0.0035517099662456,0.0051295110999275,45.81963133246423,20522.80171760277,20464.91527298129,0.0116818860079914,0.8071895424836601,718900,-1700.0,800,0.0017568417179117,0,TRENDED_UP,,,,1524,,,False
2025-10-29 14:03:46.418223,20567.42698716337,20577.070440482945,20552.732541580343,20570.64714837689,3510,20583.58466492253,105830,404300,320500,16500,16450,-8341.0,724800,5900.0,-0.0012539449618488,-0.001254731808677,0.0051635065514225,45.67118992244088,20538.75019452748,20478.131757405743,0.0088318005105167,0.7927281721493941,724800,5900.0,50,0.0017520366728208,1,TRANSITION,,,,1525,,,False
2025-10-29 14:08:46.418223,20533.11983131349,20547.84519155099,20520.910566595725,20540.17363347268,1920,20542.681279151304,118874,401800,318400,17400,19000,13044.0,720200,-4600.0,-0.0014814076914743,-0.0014825060607375,0.0052619721022403,45.96157505520695,20539.22467417588,20485.88699191411,0.007072167043769,0.7924340467894475,720200,-4600.0,-1600,0.0017594121258308,0,TRENDED_UP,,,,1526,,,False
2025-10-29 14:13:46.418223,20537.66491675932,20553.04819783948,20530.8130881317,20552.72457913661,3200,20560.750508636404,120263,403400,314600,17250,16650,1389.0,718000,-2200.0,0.0006110437958264,0.000610857184581,0.0051873944748758,44.266827530390536,20543.724642496123,20494.241690316925,0.0058878255046792,0.7798710956866634,718000,-2200.0,600,0.0017544445958094,1,TRANSITION,,,,1527,,,False
2025-10-29 14:18:46.418223,20483.46252150451,20490.53007064767,20471.78917600472,20472.07801531423,3560,20481.537066569188,115158,403500,325300,19000,19250,-5105.0,728800,10800.0,-0.0039238867582669,-0.0039316053999129,0.0056908623310379,46.886011501926525,20519.842433435493,20491.471230941588,0.0023310655730937,0.8061957868649319,728800,10800.0,-250,0.0018201958547839,1,TRANSITION,,,,1528,,,False
2025-10-29 14:23:46.418223,20493.599254147648,20504.744804936767,20479.25242939153,20493.23215662112,1590,20497.645130260506,95651,404400,329900,19550,19050,-19507.0,734300,5500.0,0.0010333167591032,0.0010327832548284,0.005421832837731,45.87035279625586,20510.97234116404,20491.69134665153,0.0063470711992128,0.8157764589515332,734300,5500.0,500,0.001819721867478,1,TRANSITION,,,,1529,,,False
2025-10-29 14:28:46.418223,20489.267285675072,20496.352664597773,20477.037093168885,20483.822728498577,570,20485.604144825946,82439,399400,318400,16800,16650,-13212.0,717800,-16500.0,-0.0004591480763322,-0.0004592535170875,0.0053908792731819,43.97358269858671,20501.92247027556,20490.70776938241,0.0045126078518022,0.7971957936905358,717800,-16500.0,150,0.0018216579064204,0,TRENDED_UP,,,,1530,,,False
2025-10-29 14:33:46.418223,20475.15392166913,20477.94999265964,20450.68539338229,20459.10284013818,1180,20460.986395877848,86731,393900,318000,16550,16650,4292.0,711900,-5900.0,-0.0012068005414831,-0.0012075293116353,0.0053358445032452,43.19956501413676,20487.64926022977,20486.757153226885,0.0050516750087703,0.8073115003808073,711900,-5900.0,-100,0.0018229544804685,1,TRANSITION,,,,1531,,,False
2025-10-29 14:38:46.418223,20426.43903086553,20440.17678424151,20415.82524720583,20429.980055975004,2390,20443.921661742454,128211,400300,314000,19800,17200,41480.0,714300,2400.0,-0.0014234634035878,-0.001424477490076,0.0054126669735658,43.20513843686632,20468.426192144845,20479.6600160704,0.0035260605654423,0.7844116912315763,714300,2400.0,2600,0.0018305992049215,0,TRENDED_UP,,,,1532,,,False
2025-10-29 14:43:46.418223,20442.38604886884,20468.08566631055,20434.02530161255,20468.057153174366,2280,20468.719451417448,74490,403800,319400,17000,17400,-53721.0,723200,8900.0,0.0018637853338592,0.0018620506410353,0.0053514902185342,42.84088642962927,20468.303179154685,20478.2096582084,0.0030347229426861,0.7909856364536899,723200,8900.0,-400,0.0018384770004673,1,TRANSITION,,,,1533,,,False
2025-10-29 14:48:46.418223,20426.262320470592,20431.706842666645,20403.4249418602,20407.469365120924,1120,20412.631017240205,109816,409900,315900,19650,18150,35326.0,725800,2600.0,-0.0029601142697632,-0.0029645040730272,0.0056267074548303,44.39740963566754,20448.02524114344,20469.36712157246,-0.0002721124672417,0.7706757745791657,725800,2600.0,1500,0.0018813791733256,0,TRENDED_UP,,,,1534,,,False
2025-10-29 14:53:46.418223,20390.65211754057,20394.15996176424,20388.59240027629,20390.323006185543,1170,20398.544297640008,109847,411700,315400,16250,19300,31.0,727100,1300.0,-0.0008402001555707,-0.0008405533215558,0.0056462542553288,42.57452072202217,20428.79116282413,20459.48660714909,-0.0009586743601712,0.7660918144279816,727100,1300.0,-3050,0.0018833083773884,1,TRANSITION,,,,1535,,,False
2025-10-29 14:58:46.418223,20303.19317581404,20313.4990466054,20294.59987160677,20309.69570928816,2550,20315.285200219903,129361,387100,321800,16450,16650,19514.0,708900,-18200.0,-0.0039541941965767,-0.0039620326925629,0.0058343554388259,46.37085028321867,20389.092678312147,20440.76274491648,-0.0076065233896225,0.8313097390855076,708900,-18200.0,-200,0.0019506317066954,0,TRENDED_UP,,,,1536,,,False
2025-10-29 15:03:46.418223,20302.55825702487,20313.755768399384,20296.386811576693,20303.80765820452,4490,20314.473554739205,109791,403800,311400,18800,16450,-19570.0,715200,6300.0,-0.000289913308792,-0.0002899553417794,0.0058314423842953,44.29928646460955,20360.66433827627,20423.643359077483,-0.0073284301110768,0.7711738484398217,715200,6300.0,2350,0.0019503152361755,1,TRANSITION,,,,1537,,,False
2025-10-29 15:08:46.418223,20356.805488393875,20376.72806886084,20347.96468857284,20355.654025513704,4570,20357.36420977436,91535,393000,325700,18050,17700,-18256.0,718700,3500.0,0.0025535292779546,0.0025502745615675,0.0059205784257402,46.34365247830311,20358.99423402208,20415.14469238201,-0.0025716590578891,0.8287531806615777,718700,3500.0,350,0.0019722270947487,0,TRENDED_UP,,,,1538,,,False
2025-10-29 15:13:46.418223,20407.799716838712,20414.617381594948,20393.50265758362,20394.54264317169,550,20402.741352445835,91850,400800,327500,16050,19550,315.0,728300,9600.0,0.0019104577828472,0.0019086351793458,0.006016675106336,47.24505987851314,20370.843703738617,20412.56943623072,8.42964111646971e-06,0.8171157684630739,728300,9600.0,-3500,0.0019616766021109,1,TRANSITION,,,,1539,,,False
2025-10-29 15:18:46.418223,20394.01595853609,20398.36180814075,20379.261457529825,20396.38968681132,1680,20389.48790297849,99884,400500,323600,17200,17950,8034.0,724100,-4200.0,9.056558276121508e-05,9.056148194552804e-05,0.0059498632300343,45.23472350225694,20379.35903142952,20410.54696755329,0.0016158712739346,0.8079900124843945,724100,-4200.0,-750,0.0019617124709628,0,TRENDED_UP,,,,1540,,,False
2025-10-29 15:23:46.418223,20375.80575010683,20389.54084690402,20361.365944661127,20368.095912209654,3620,20380.399762398218,122653,404300,329300,18750,17250,22769.0,733600,9500.0,-0.0013871952358294,-0.0013881582818644,0.0060064025221727,44.50536769139512,20375.604658356235,20405.240585635336,0.0001604584148364,0.8144941874845412,733600,9500.0,1500,0.0019699305656617,1,TRANSITION,,,,1541,,,False
2025-10-29 15:28:46.418223,20390.342170728807,20390.50205381264,20351.996209463472,20368.015544283,800,20378.952049003405,116130,407400,330600,19500,16500,-6523.0,738000,4400.0,-3.945775147617958e-06,-3.9457829323907845e-06,0.0059674720849213,44.076830309807534,20373.07495366516,20400.58745546629,0.0013101154807682,0.8114874815905744,738000,4400.0,3000,0.0019590940186014,1,TRANSITION,,,,1542,,,False
2025-10-29 15:33:46.418223,20360.032492662405,20391.549778858804,20349.317545149137,20372.193460874976,550,20374.40735208673,78285,389100,315800,16850,17400,-37845.0,704900,-33100.0,0.0002051214357576,0.0002051004012315,0.0058870271604305,43.94507340979747,20372.781122735098,20397.03820614238,-0.0001977952336986,0.8116165510151632,704900,-33100.0,-550,0.0019366484071232,0,TRENDED_UP,,,,1543,,,False
2025-10-29 15:38:46.418223,20369.45501199136,20389.64045562608,20359.328349382013,20379.215910412066,2560,20385.97470856988,105573,403100,330200,17000,16450,27288.0,733300,28400.0,0.0003447075814677,0.000344648183459,0.0056844273379269,42.97129004081665,20374.92605196076,20394.81041917609,-0.0024734116065532,0.819151575291491,733300,28400.0,550,0.0018938991799778,1,TRANSITION,,,,1544,,,False
2025-10-29 15:43:46.418223,20393.0793522732,20410.36498455909,20390.48197612416,20393.60611547337,2060,20403.13644509962,116505,403100,321500,18300,16500,10932.0,724600,-8700.0,0.0007061216253148,0.000705872438738,0.005611309235199,42.12684604840304,20381.152739798294,20394.65988121325,6.146632131054375e-06,0.7975688414785413,724600,-8700.0,1800,0.0018548280684614,0,TRENDED_UP,,,,1545,,,False
2025-10-29 15:48:46.418223,20430.84963724614,20437.18572756088,20429.533100073324,20433.18973250136,1160,20430.91498970625,95256,398200,316700,16000,17200,-21249.0,714900,-9700.0,0.0019409817373081,0.0019391004662043,0.0055603734820147,42.2306150511966,20398.49840403265,20399.47611262427,-0.0003883286529009,0.7953289804118533,714900,-9700.0,-1200,0.0018394329757993,0,TRENDED_UP,,,,1546,,,False
2025-10-29 15:53:46.418223,20427.98479730138,20450.889215361345,20422.78491704373,20438.95787331699,4360,20442.159476058016,56800,399000,324900,16350,18100,-38456.0,723900,9000.0,0.0002822927252741,0.0002822528881782,0.0055250249369709,41.221592427369394,20411.9848937941,20404.411332710857,-0.0012012800295796,0.8142857142857143,723900,9000.0,-1750,0.0018316924554137,1,TRANSITION,,,,1547,,,False
2025-10-29 15:58:46.418223,20421.94900260568,20431.63294372592,20416.99300496569,20424.239729120665,4610,20420.32389189805,96070,411500,311600,18400,16150,39270.0,723100,-800.0,-0.0007201024772177,-0.0007203618755422,0.0054830937146168,39.84611213622162,20416.06983890296,20406.889882262083,-0.0031822053186443,0.7572296476306197,723100,-800.0,2250,0.0017655216572269,0,TRENDED_UP,,,,1548,,,False
2025-10-29 16:03:46.418223,20395.275483271285,20411.06804546832,20386.61661959622,20404.49432680682,3790,20415.543869126148,70297,397000,328200,18800,18400,-25773.0,725200,2100.0,-0.0009667631488722,-0.0009672307657719,0.0055030692961096,39.68732623538035,20412.21133487091,20406.59043783017,-0.003762021433864,0.8267002518891687,725200,2100.0,400,0.0017604051421326,1,TRANSITION,,,,1549,,,False
2025-10-29 16:08:46.418223,20370.198186827205,20398.096601257468,20364.055530092573,20367.168301132777,4190,20376.2689260038,67130,401700,320400,17350,18950,-3167.0,722100,-3100.0,-0.0018293041266406,-0.0018309793467388,0.0055570797691757,39.7410026981565,20397.196990291533,20401.662670743,-0.0044067928197311,0.7976101568334578,722100,-3100.0,-1600,0.0017756230763734,0,TRENDED_UP,,,,1550,,,False
2025-10-29 16:13:46.418223,20363.482866082355,20388.92609422274,20356.037421140973,20376.84114527287,4020,20379.19905807164,121303,401700,321500,19200,18600,54173.0,723200,1100.0,0.0004749233667182,0.0004748106263097,0.0055678058727436,39.25155058270021,20390.411708618645,20398.55998005923,-0.0039454325097083,0.8003485187951207,723200,1100.0,600,0.0017701972458323,1,TRANSITION,,,,1551,,,False
2025-10-29 16:18:46.418223,20374.91096827513,20393.873457435493,20365.766103247723,20378.178958578013,4810,20379.828083297365,150420,392100,319100,16500,18650,29117.0,711200,-12000.0,6.56536160636989e-05,6.565146096093599e-05,0.005499857663244,38.45553655449094,20386.33412527177,20396.01235237408,-0.0052313505122078,0.8138230043356287,711200,-12000.0,-2150,0.0016840510794391,0,TRENDED_UP,,,,1552,,,False
2025-10-29 16:23:46.418223,20403.055446042115,20410.67887287078,20396.55210030267,20405.03507232452,3850,20408.20424018456,127285,398900,316300,17900,19200,-23135.0,715200,4000.0,0.0013178858523668,0.0013170182030304,0.0054408490000841,38.03013496436776,20392.56777428936,20397.14019236789,-0.0057697885973552,0.7929305590373528,715200,4000.0,-1300,0.0016833498625462,1,TRANSITION,,,,1553,,,False
2025-10-29 16:28:46.418223,20378.693076194028,20381.280678134448,20361.92925616264,20365.75198363659,4280,20364.34313792782,47788,411600,319700,17250,18200,-79497.0,731300,16100.0,-0.0019251664380234,-0.0019270219527616,0.0050556109797245,38.39268362133306,20383.6291774051,20393.216666276472,-0.0112020149474308,0.7767249757045676,731300,16100.0,-950,0.0016613993963123,1,TRANSITION,,,,1554,,,False
2025-10-29 16:33:46.418223,20424.577004322804,20435.207242277585,20424.07833995073,20427.50748029432,4430,20430.526435622483,96539,398300,328100,19300,17150,48751.0,726400,-4900.0,0.0030323209625331,0.0030277327502705,0.0053843422963661,40.61143897988037,20398.25527836817,20397.503018028703,-0.0069584426318772,0.8237509415013808,726400,-4900.0,2150,0.001695035307065,0,TRENDED_UP,,,,1555,,,False
2025-10-29 16:38:46.418223,20416.47647957825,20420.38269819504,20405.58109656305,20407.983685575706,3380,20405.71188447668,88206,404500,316100,19650,17100,-8333.0,720600,-5800.0,-0.0009557600082853,-0.0009562170381123,0.005351499338553,39.27679217640808,20401.498080770685,20398.81310147208,-0.006435678210702,0.7814585908529048,720600,-5800.0,2550,0.0016994983791063,1,TRANSITION,,,,1556,,,False
2025-10-29 16:43:46.418223,20416.02628201296,20427.50960821816,20371.87181814275,20409.510683552875,1890,20419.09293524349,70581,399600,314400,19500,18850,-17625.0,714000,-6600.0,7.482355928423168e-05,7.48207601422024e-05,0.0053323519911506,40.44543488347956,20404.16894836475,20400.15029923218,-0.0069681221597799,0.7867867867867868,714000,-6600.0,650,0.0016834408152755,0,TRENDED_UP,,,,1557,,,False
2025-10-29 16:48:46.418223,20393.36039351988,20411.130881993413,20376.81427200328,20385.046268997703,4900,20396.0762243464,109297,405000,313400,17350,19950,38716.0,718400,4400.0,-0.0011986771723482,-0.0011993961604446,0.0049051933338585,40.00766167681186,20397.794721909067,20398.26229545287,-0.0042512414348666,0.7738271604938272,718400,4400.0,-2600,0.0016897000951816,1,TRANSITION,,,,1558,,,False
2025-10-29 16:53:46.418223,20319.54064855818,20323.70044999142,20304.731806382984,20308.70794653836,3490,20318.528382631663,96304,402800,322300,16200,18850,-12993.0,725100,6700.0,-0.0037448196806616,-0.0037518490725734,0.0052654609567625,42.88671888666234,20368.09913011884,20387.06800183856,-0.0090041535992233,0.8001489572989077,725100,6700.0,-2650,0.0017156761313184,1,TRANSITION,,,,1559,,,False
2025-10-29 16:58:46.418223,20346.707082576144,20371.140803277565,20331.395554355808,20368.32313325345,620,20365.099643415204,76718,389700,318300,16600,16750,-19586.0,708000,-17100.0,0.0029354495062916,0.0029311494873276,0.0055771505566628,44.28287159041531,20368.17379783037,20384.72489326542,-0.0056385761962505,0.8167821401077752,708000,-17100.0,-150,0.0017490806881631,0,TRENDED_UP,,,,1560,,,False
2025-10-29 17:03:46.418223,20369.411728561285,20384.12668261621,20358.412219662256,20382.97102531326,2010,20385.772965666223,58873,398100,318500,16000,19000,-17845.0,716600,8600.0,0.000719150612644,0.0007188921477503,0.0055669183936733,42.95655668781096,20373.10620699134,20384.5056597714,-0.0037211707385115,0.8000502386335092,716600,8600.0,-3000,0.0017367725617935,1,TRANSITION,,,,1561,,,False
2025-10-29 17:08:46.418223,20361.021435898896,20385.24903793065,20359.364083183485,20380.57175783688,4770,20388.223006148724,87821,406600,311600,19400,19500,28948.0,718200,1600.0,-0.0001177094091633,-0.0001177163374581,0.0055138465295829,41.73715654919342,20375.59472393985,20384.013922029582,-0.002418421261438,0.7663551401869159,718200,1600.0,-100,0.0017368380943896,0,TRENDED_UP,,,,1562,,,False
2025-10-29 17:13:46.418223,20363.271169537216,20365.187378184968,20335.60755165236,20350.82009808968,3620,20359.583719063623,100158,399100,326600,17750,17450,12337.0,725700,7500.0,-0.0014598049603667,-0.0014608715137285,0.0054451334749955,41.96766009457381,20367.336515323128,20379.864694037096,-0.0057278057319919,0.8183412678526685,725700,7500.0,300,0.0017196786807305,1,TRANSITION,,,,1563,,,False
2025-10-29 17:18:46.418223,20379.24037592772,20381.021972873496,20365.861725288807,20379.96642457628,4010,20372.799616788023,97631,402500,325600,17950,16050,-2527.0,728100,2400.0,0.0014321941988637,0.0014311695869313,0.0052660170925032,41.12724685809134,20371.546485074177,20379.877410354493,-0.0013476899096391,0.808944099378882,728100,2400.0,1900,0.0017295710400061,1,TRANSITION,,,,1564,,,False
2025-10-29 17:23:46.418223,20331.73437866466,20333.90860521312,20314.58224243,20318.584751938448,4490,20327.1621791,121255,402500,317100,17650,17500,23624.0,719600,-8500.0,-0.0030118632856926,-0.0030164080737336,0.005516910728918,42.85988509296204,20353.89257402893,20372.215828052485,-0.0035182500162127,0.7878260869565218,719600,-8500.0,150,0.0017720877999188,0,TRENDED_UP,,,,1565,,,False
2025-10-29 17:28:46.418223,20315.80909841881,20325.665477779123,20300.5957302974,20308.742296260865,1580,20305.2292806238,106759,401000,322900,16800,16800,-14496.0,723900,4300.0,-0.0004844065567433,-0.0004845239195017,0.0050370345924455,41.58916097787363,20338.84248143958,20364.281636578533,-4.6943737658233786e-05,0.8052369077306734,723900,4300.0,0,0.001734472905551,1,TRANSITION,,,,1566,,,False
2025-10-29 17:33:46.418223,20340.23111825046,20344.489955436493,20325.76383325512,20330.893660731163,4250,20334.02076942823,93107,402000,323400,17200,16000,-13652.0,725400,1500.0,0.0010907304916847,0.0010901360773747,0.005071829472759,41.17191084914178,20336.192874536777,20360.10813959761,0.0013340356145314,0.8044776119402985,725400,1500.0,1200,0.0017405334519551,0,TRENDED_UP,,,,1567,,,False
2025-10-29 17:38:46.418223,20302.20131166528,20317.025007197608,20294.04885275203,20314.784453686025,4050,20326.51108779189,83655,408800,332000,19950,17150,-9452.0,740800,15400.0,-0.0007923511535674,-0.0007926652296603,0.004870390767031,40.86283207271266,20329.0567342532,20354.442678858668,-0.0020077749295823,0.812133072407045,740800,15400.0,2800,0.001720498238928,1,TRANSITION,,,,1568,,,False
2025-10-29 17:43:46.418223,20311.346201017623,20324.25357122357,20299.89119084286,20307.3222219341,1980,20318.219559593334,64581,397800,303000,19400,17600,-19074.0,700800,-40000.0,-0.0003673300973946,-0.0003673975796214,0.0047306879983372,39.68422838042672,20321.81189681349,20348.552621743096,-0.0042766549249778,0.7616892911010558,700800,-40000.0,1800,0.001719143501427,0,TRENDED_UP,,,,1569,,,False
2025-10-29 17:48:46.418223,20270.25992173503,20284.9270896892,20242.67298837393,20281.08808512952,4160,20293.212911703737,78174,399400,324300,18400,17850,13593.0,723700,22900.0,-0.001291856036846,-0.0012926912022077,0.0047733166237841,41.46744303612258,20308.23729291884,20340.1195546664,-0.0056530397512633,0.8119679519278918,723700,22900.0,550,0.0017162080737159,1,TRANSITION,,,,1570,,,False
2025-10-29 17:53:46.418223,20284.649715021427,20299.89425305892,20276.084969239044,20290.776905336843,2530,20288.344424449933,127166,405400,312800,18000,16250,48992.0,718200,-5500.0,0.000477726844174,0.0004776127690337,0.0047340334111509,40.20614594924778,20302.41716372484,20333.95172350021,-0.0037960841900033,0.7715836211149482,718200,-5500.0,1750,0.0017175732392806,0,TRENDED_UP,,,,1571,,,False
2025-10-29 17:58:46.418223,20283.76811820121,20307.51410997014,20272.59442054345,20307.131355339105,3560,20306.20155097597,117293,399300,318600,17700,18850,-9873.0,717900,-300.0,0.0008060041307713,0.0008056794838751,0.0047635338992643,39.82854191192221,20303.9885609296,20330.599177480068,-0.002989205738356,0.7978963185574756,717900,-300.0,-1150,0.0017150755574083,1,TRANSITION,,,,1572,,,False
2025-10-29 18:03:46.418223,20234.8885066061,20241.561279482965,20214.94627760365,20219.92031215261,700,20220.550358545534,105775,402500,323300,18900,17600,-11518.0,725800,7900.0,-0.0042946018155126,-0.0043038501058703,0.0053272850083022,43.56829447074603,20275.96581133727,20316.764319314138,-0.0074745583490951,0.8032298136645962,725800,7900.0,1300,0.0017860009346983,1,TRANSITION,,,,1573,,,False
2025-10-29 18:08:46.418223,20270.474667182465,20301.152583941217,20254.19487341332,20283.23729492605,1090,20286.40285568273,90118,399200,325400,16400,17100,-15657.0,724600,-1200.0,0.0031314160390327,0.0031265233671611,0.0056578426555256,46.258578564878846,20278.3896392002,20312.573441265627,-0.0047096323974358,0.8151302605210421,724600,-1200.0,-700,0.0018002660118308,0,TRENDED_UP,,,,1574,,,False
2025-10-29 18:13:46.418223,20248.353671022684,20270.481500064125,20244.35504668853,20259.96044112608,4840,20265.329540200702,124820,401400,321900,18850,18700,34702.0,723300,-1300.0,-0.0011475906661996,-0.00114824965258,0.005661473026158,45.73169782721022,20272.246573175493,20305.996816248185,-0.0065533125230797,0.8019431988041853,723300,-1300.0,150,0.001792273158038,1,TRANSITION,,,,1575,,,False
2025-10-29 18:18:46.418223,20223.961441587908,20224.90345690271,20203.27449027647,20214.11865354375,700,20225.9070522134,79777,400000,318800,18050,18400,-45043.0,718800,-4500.0,-0.0022626790272145,-0.0022652427533955,0.0056298534543787,46.51414447166728,20252.87059996491,20294.51204591013,-0.0107213353287252,0.797,718800,-4500.0,-350,0.0017843399657927,0,TRENDED_UP,,,,1576,,,False
2025-10-29 18:23:46.418223,20230.249113991864,20245.607715034257,20221.61687201508,20240.43639313579,4120,20238.845825969827,80006,413500,323800,17500,16300,229.0,737300,18500.0,0.0013019484076011,0.0013011016076873,0.0056985010112154,45.4409242587274,20248.725864355205,20287.75258931334,-0.0097128963918639,0.7830713422007255,737300,18500.0,1200,0.0017870340784492,1,TRANSITION,,,,1577,,,False
2025-10-29 18:28:46.418223,20265.33764071945,20294.6223074318,20255.556305297647,20268.74368630543,4310,20268.973615826388,98130,408100,310900,19400,18750,18124.0,719000,-18300.0,0.0013985515242764,0.0013975744619685,0.0057765981698557,46.065566404247534,20255.39847167195,20285.376476437348,-0.0076133087389064,0.7618230825777995,719000,-18300.0,650,0.0017889365403828,0,TRENDED_UP,,,,1578,,,False
2025-10-29 18:33:46.418223,20234.68454203178,20236.38814992572,20225.25788684145,20232.3830868513,2940,20245.070658920817,56337,404500,325700,17250,19050,-41793.0,730200,11200.0,-0.0017939246761849,-0.0017955356860319,0.0058300521348118,45.88129733708574,20247.72667673173,20278.752302739093,-0.0084349671792358,0.8051915945611866,730200,11200.0,-1800,0.00180089701273,1,TRANSITION,,,,1579,,,False
2025-10-29 18:38:46.418223,20236.75910367359,20240.057821844905,20209.690287700458,20228.42221169018,4390,20225.434183190057,79210,393400,323200,16200,16100,22873.0,716600,-13600.0,-0.0001957690868207,-0.0001957882520908,0.0057580320693891,44.77317139475439,20241.29185505122,20272.46104135798,-0.0068122424969051,0.8215556685307575,716600,-13600.0,100,0.0017962995351403,0,TRENDED_UP,,,,1580,,,False
2025-10-29 18:43:46.418223,20249.9825740688,20253.935028385808,20238.47306871112,20242.701597138454,1220,20251.164174931026,95275,402800,303600,16050,19150,16065.0,706400,-10200.0,0.0007059070301598,0.0007056579949829,0.0057690076243947,43.39743177338818,20241.76176908029,20268.74111083054,-0.0065829412507116,0.7537239324726912,706400,-10200.0,-3100,0.0017998350716982,0,TRENDED_UP,,,,1581,,,False
2025-10-29 18:48:46.418223,20271.24929804337,20293.586948436623,20260.124325116387,20292.02542404729,4980,20295.544176213407,90775,397700,323300,18650,17250,-4500.0,721000,14600.0,0.0024366227339838,0.0024336589821967,0.005963323074173,43.932283168015424,20258.51632073596,20271.651649982632,-0.0042277347110281,0.8129243148101584,721000,14600.0,1400,0.0018206178008289,1,TRANSITION,,,,1582,,,False
2025-10-29 18:53:46.418223,20276.81781136212,20280.07292990872,20273.151477717514,20276.82473405992,1250,20283.240769931894,80234,396900,317300,16600,19800,-10541.0,714200,-6800.0,-0.000749096734787,-0.0007493774479421,0.0059094964379429,42.14240196528398,20264.619125177283,20272.29828549229,-0.0062832696836916,0.799445704207609,714200,-6800.0,-3200,0.0018027028750695,0,TRENDED_UP,,,,1583,,,False
2025-10-29 18:58:46.418223,20265.86030636436,20291.82315122537,20251.313765760697,20273.785575040587,2350,20272.90546302625,140707,409400,315700,19050,18300,60473.0,725100,10900.0,-0.0001498833796312,-0.0001498946132674,0.0058220169354241,42.02575792952605,20267.67460846505,20272.48419668583,-0.0045157384156448,0.7711284807034685,725100,10900.0,750,0.0017341157354843,1,TRANSITION,,,,1584,,,False
2025-10-29 19:03:46.418223,20240.92058162052,20250.43348871008,20214.4193242451,20232.91631583433,1270,20241.25537069064,127265,401200,323700,16800,17550,-13442.0,724900,-200.0,-0.0020158671923892,-0.0020179017874326,0.0056020687900933,43.26436456280896,20256.08851092148,20267.53821157939,-0.0095259377409459,0.8068295114656032,724900,-200.0,-750,0.0017442809310891,1,TRANSITION,,,,1585,,,False
2025-10-29 19:08:46.418223,20243.738634223548,20248.5632337684,20214.91739935889,20235.845064615325,4390,20235.92069525942,134292,394600,317700,19350,17950,7027.0,712300,-12600.0,0.000144751687561,0.0001447412120452,0.0055951176013026,42.57732669471631,20249.3406954861,20263.57656820889,-0.0084348666488814,0.8051191079574253,712300,-12600.0,1400,0.0017378409088848,0,TRENDED_UP,,,,1586,,,False
2025-10-29 19:13:46.418223,20211.410758926613,20239.694816668067,20210.507356575417,20222.344978633948,1140,20217.77716163858,98019,394700,333400,18850,17500,-36273.0,728100,15800.0,-0.0006671372477042,-0.0006673598827813,0.0055951865794274,41.620907651711526,20240.34212320205,20258.422619512017,-0.0091705140716458,0.8446921712693185,728100,15800.0,1350,0.0017349564508122,1,TRANSITION,,,,1587,,,False
2025-10-29 19:18:46.418223,20123.2388365492,20124.22009984407,20105.209754252905,20109.659914332613,3910,20116.5778735384,90228,405200,324700,18700,17600,-7791.0,729900,1800.0,-0.0055723045186101,-0.0055878877239727,0.006340910863406,47.014787418092375,20196.78138691224,20239.8272813646,-0.0135092337309975,0.8013326752221125,729900,1800.0,1100,0.0018059267741397,1,TRANSITION,,,,1588,,,False
2025-10-29 19:23:46.418223,20136.62201308644,20139.92251692657,20132.36372105829,20132.44151173697,3390,20121.350013842017,132033,398000,323000,19900,19250,41805.0,721000,-8900.0,0.0011328683578641,0.0011322271467317,0.0060929573094914,45.818202787797006,20175.334761853817,20226.40406016114,-0.0086793524859091,0.8115577889447236,721000,-8900.0,650,0.0018072136956673,0,TRENDED_UP,,,,1589,,,False
2025-10-29 19:28:46.418223,20164.145463528108,20174.091647797064,20154.61476149632,20164.488530361414,1050,20165.085388211388,101704,407300,315000,19250,17000,-30329.0,722300,1300.0,0.0015918098461014,0.0015905442596793,0.0058992988120244,45.5204837358181,20171.71935135635,20218.66461893617,-0.0100074317143591,0.7733857107782961,722300,1300.0,2250,0.001823378208362,1,TRANSITION,,,,1590,,,False
2025-10-29 19:33:46.418223,20093.00313169652,20102.269137571715,20087.451742895497,20094.122036715296,3800,20099.89591046408,78790,388400,318100,17900,16400,-22914.0,706500,-15800.0,-0.0034896245218501,-0.0034957274636227,0.0061310713413532,47.77164828796801,20145.853579809333,20203.096796158567,-0.0141710935191562,0.8190010298661174,706500,-15800.0,1500,0.0018669020034467,0,TRENDED_UP,,,,1591,,,False
2025-10-29 19:38:46.418223,20062.794010371363,20066.47366766664,20042.21027192509,20060.9974545284,3080,20069.57020168352,80179,405100,315400,16700,17250,1389.0,720500,14000.0,-0.0016484712358356,-0.0016498314596091,0.006163154554881,48.06737089527071,20117.568204715688,20185.3343784548,-0.0156803404293893,0.7785731918044927,720500,14000.0,-550,0.0018694275701605,1,TRANSITION,,,,1592,,,False
2025-10-29 19:43:46.418223,20081.636427510795,20093.04738001004,20061.10815985357,20085.61078197819,4750,20097.018520292346,93511,384400,316500,16100,19950,13332.0,700900,-19600.0,0.0012269244091966,0.0012261723525259,0.0062164334068559,46.9232676514401,20106.915730469856,20172.868928895223,-0.0130318736460346,0.8233610822060354,700900,-19600.0,-3850,0.0018587129603425,0,TRENDED_UP,,,,1593,,,False
2025-10-29 19:48:46.418223,20143.91041579232,20159.60231848829,20133.86637714918,20150.88882793044,2390,20165.66473849611,99559,399700,323200,17350,19100,6048.0,722900,22000.0,0.0032499905858387,0.0032447207812253,0.0064803349750192,48.856715427058965,20121.573429623382,20170.121416274626,-0.0112403323868871,0.8086064548411308,722900,22000.0,-1750,0.0018813774198518,1,TRANSITION,,,,1594,,,False
2025-10-29 19:53:46.418223,20144.740171862355,20153.6652607869,20134.07315803471,20152.139713099245,550,20165.06780376575,101629,404100,329700,17300,18600,2070.0,733800,10900.0,6.207593022256042e-05,6.207400359059534e-05,0.0062935196398719,46.76638595028267,20131.762190782007,20167.873703377703,-0.0081917633964798,0.8158871566443949,733800,10900.0,-1300,0.0018798652522838,1,TRANSITION,,,,1595,,,False
2025-10-29 19:58:46.418223,20122.95526193064,20125.958128180933,20101.93703843467,20113.03661896121,550,20118.215009585907,96328,402200,321900,18850,16850,-5301.0,724100,-9700.0,-0.001940394156389,-0.001942279159957,0.0063644403003744,47.01183514416071,20125.520333508408,20161.01906782564,-0.0096365237415853,0.8003480855295872,724100,-9700.0,2000,0.001828667806624,0,TRENDED_UP,,,,1596,,,False
2025-10-29 20:03:46.418223,20117.636569145376,20125.508586226573,20110.91134793552,20114.77830465068,2400,20125.59372592565,146792,406100,317300,18000,16500,50464.0,723400,-700.0,8.659486493578505e-05,8.659111581543755e-05,0.0063150105247774,44.6965067975103,20121.939657222498,20155.23897242877,-0.0106298994863127,0.781334646638759,723400,-700.0,1500,0.0018288679500981,1,TRANSITION,,,,1597,,,False
2025-10-29 20:08:46.418223,20159.3698690316,20178.54362301056,20158.730919295045,20171.412702250786,1970,20176.512719904506,72937,391800,324700,16450,16300,-73855.0,716500,-6900.0,0.0028155616105902,0.0028116053413391,0.0065610032547508,46.058564766251095,20138.430672231927,20157.260688656523,-0.0070575078835859,0.8287391526288923,716500,-6900.0,150,0.0018357203670928,0,TRENDED_UP,,,,1598,,,False
2025-10-29 20:13:46.418223,20140.047382610457,20170.0590002038,20135.18567462324,20149.056500984687,4540,20157.232417651463,113454,407100,318600,19350,16200,40517.0,725700,9200.0,-0.0011083111329929,-0.0011089257639529,0.0065796038333119,45.35631211348636,20141.972615149512,20156.23516519754,-0.0077935298026871,0.782608695652174,725700,9200.0,3150,0.0018195864632416,1,TRANSITION,,,,1599,,,False
2025-10-29 20:18:46.418223,20116.11936125208,20126.25699723749,20091.419796657497,20102.31105895597,3070,20102.7170467467,90450,384200,316500,19500,16000,-23004.0,700700,-25000.0,-0.0023199816838288,-0.0023226770108824,0.0066597060077273,46.23348298589372,20128.75209641833,20149.494651917343,-0.0088149622654926,0.8237896928682977,700700,-25000.0,3500,0.0018395754366446,0,TRENDED_UP,,,,1600,,,False
2025-10-29 20:23:46.418223,20101.75926096986,20108.70742016037,20098.407687681192,20105.29194314084,2670,20112.10005228361,99224,387200,322900,19200,18700,8774.0,710100,9400.0,0.0001482856461689,0.0001482746529397,0.0066494867279808,43.66678652112815,20120.93204532584,20143.96931332028,-0.0091413435306767,0.8339359504132231,710100,9400.0,500,0.0018340363982052,1,TRANSITION,,,,1601,,,False
2025-10-29 20:28:46.418223,20073.23516209482,20075.55971774196,20038.14038384096,20053.38047177768,1390,20054.54409190638,118809,397700,328000,17900,16500,19585.0,725700,15600.0,-0.0025819804810579,-0.0025853195414917,0.0067393578029644,45.344270291039024,20098.41485414312,20132.645708127453,-0.0124956538233408,0.8247422680412371,725700,15600.0,1400,0.0018590731902811,1,TRANSITION,,,,1602,,,False
2025-10-29 20:33:46.418223,20077.129857380885,20085.495591523293,20055.68949192468,20077.60101644264,3610,20080.571232051872,64345,401500,313000,16700,18950,-54464.0,714500,-11200.0,0.0012078035770104,0.0012070747690486,0.0063944937947322,44.39933096636599,20091.47690824296,20125.765121666853,-0.007038568575586,0.7795765877957659,714500,-11200.0,-2250,0.0018677967863776,0,TRENDED_UP,,,,1603,,,False
2025-10-29 20:38:46.418223,20126.31910819863,20151.05278700805,20118.673248006,20145.41664048465,4010,20152.257392798463,81082,392600,317500,16850,19500,16737.0,710100,-4400.0,0.0033776756489221,0.0033719841150308,0.0064393012366922,46.47450522344061,20109.45681899019,20128.22156151908,-0.0067948056041269,0.8087111563932756,710100,-4400.0,-2650,0.0019239782902406,1,TRANSITION,,,,1604,,,False
2025-10-29 20:43:46.418223,20136.27642854814,20164.79976907452,20118.28444019144,20126.73291365837,590,20143.386048674663,97326,407000,311500,18400,16850,16244.0,718500,8400.0,-0.0009274430586228,-0.0009278734000357,0.0064299136401627,46.47742119912944,20115.21551721292,20128.035480536488,-0.0065759026457559,0.7653562653562653,718500,8400.0,1550,0.0019226115857942,1,TRANSITION,,,,1605,,,False
2025-10-29 20:48:46.418223,20128.85696872932,20142.536434190024,20106.65461904853,20120.459984105102,1360,20126.866964714573,129525,408700,323000,16550,18700,32199.0,731700,13200.0,-0.0003116715256359,-0.0003117201052997,0.0063163240408775,45.720592195012514,20116.963672843645,20127.088543482565,-0.0046333293597357,0.7903107413750917,731700,13200.0,-2150,0.0019016228921592,1,TRANSITION,,,,1606,,,False
2025-10-29 20:53:46.418223,20120.24935729988,20135.58930125692,20118.820372132926,20127.935592160706,2990,20131.89048231964,129419,388200,313400,18550,16950,-106.0,701600,-30100.0,0.0003715426019836,0.0003714735971236,0.0062662679359531,43.6526162613684,20120.620979282667,20127.194424567333,-0.0055582201287536,0.8073158165893869,701600,-30100.0,1600,0.0019020865901972,0,TRENDED_UP,,,,1607,,,False
2025-10-29 20:58:46.418223,20073.32767386228,20090.821052311185,20051.09457890384,20057.843093687014,3750,20056.84957129481,125546,395900,327100,17000,17000,-3873.0,723000,21400.0,-0.0034823491039484,-0.0034884265949894,0.0064672535587028,46.023216046760965,20099.69501741745,20118.52550820729,-0.0104052128677769,0.8262187421065925,723000,21400.0,0,0.0019465994120074,1,TRANSITION,,,,1608,,,False
2025-10-29 21:03:46.418223,20100.136721596737,20106.24282948801,20087.117999573453,20093.77749029075,2000,20103.198668357458,56132,409300,316200,18400,17150,-69414.0,725500,2500.0,0.0017915384239419,0.0017899355331216,0.0065204153907872,46.19296745777766,20097.722508375216,20115.432005967723,-0.0068506807114889,0.7725384803322746,725500,2500.0,1250,0.0019630960956894,0,TRENDED_UP,,,,1609,,,False
2025-10-29 21:08:46.418223,20097.99103004552,20119.748022119125,20089.015384350365,20103.98466436205,1620,20105.982236504915,79004,402600,329800,16750,19700,22872.0,732400,6900.0,0.0005079768637943,0.0005078478872242,0.0065339637123734,45.088658194276434,20099.80989370416,20114.00108826701,-0.0061516190450194,0.8191753601589667,732400,6900.0,-2950,0.0019544889489636,1,TRANSITION,,,,1610,,,False
2025-10-29 21:13:46.418223,20092.75176744876,20107.2968744717,20079.932828931986,20086.379493405148,790,20092.65138099289,79827,398300,321600,16950,16300,823.0,719900,-12500.0,-0.000875705550458,-0.00087608920456,0.0065219901568156,43.82261443323629,20095.33309360449,20110.54838890928,-0.0077223933269561,0.8074315842329902,719900,-12500.0,650,0.0019541680788513,0,TRENDED_UP,,,,1611,,,False
2025-10-29 21:18:46.418223,20189.421978114093,20198.8972778658,20176.64666973885,20187.039929291102,1770,20195.328378198905,98895,393200,316200,17150,19050,19068.0,709400,-10500.0,0.0050113777806002,0.004998862621683,0.0070231882614401,48.72941229233737,20125.902038833363,20120.109831457004,-0.0051737316784441,0.8041709053916581,709400,-10500.0,-1900,0.0020676982605187,0,TRENDED_UP,,,,1612,,,False
2025-10-29 21:23:46.418223,20198.67346416204,20207.968526826324,20193.78521224649,20206.18924624172,1270,20217.89333245362,62939,399300,319300,16400,16950,-35956.0,718600,9200.0,0.0009485945942393,0.0009481449627095,0.0070430076937116,46.74363980968623,20152.66444130282,20130.869758305096,-0.0034835576449773,0.799649386426246,718600,9200.0,-550,0.0020637857684546,1,TRANSITION,,,,1613,,,False
2025-10-29 21:28:46.418223,20176.11028962296,20181.200227872385,20176.069202617484,20180.36286975976,4700,20189.498757023142,121957,398600,321100,19200,19450,59018.0,719700,1100.0,-0.0012781418686734,-0.0012789593886708,0.0070741917404469,45.55624008215408,20161.89725078847,20137.05639723693,-0.0046080543238969,0.805569493226292,719700,1100.0,-250,0.0020560796882314,0,TRENDED_UP,,,,1614,,,False
2025-10-29 21:33:46.418223,20163.41269111961,20167.4228074532,20162.99672341768,20166.10267583865,1040,20162.73418228289,60112,403100,317100,16150,18900,-61845.0,720200,500.0,-0.0007066371409246,-0.0007068869266273,0.0069970392562081,43.542661957863295,20163.29905913853,20140.687182062145,-0.0033022248969314,0.7866534358719921,720200,500.0,-2750,0.0020142796546387,1,TRANSITION,,,,1615,,,False
2025-10-29 21:38:46.418223,20198.37948661407,20209.77379426125,20187.384088440635,20194.954626369537,3540,20188.58999380021,120650,403300,332100,17100,17200,60538.0,735400,15200.0,0.0014307152450163,0.0014296927471129,0.0070509744294606,43.551837419630246,20173.8509148822,20147.47061260057,-0.0020206933842011,0.8234564840069427,735400,15200.0,-100,0.0020229242023838,1,TRANSITION,,,,1616,,,False
2025-10-29 21:43:46.418223,20202.0136154042,20214.600132304284,20181.6610843378,20205.75160524879,830,20214.044884549272,117416,400200,319500,18350,17900,-3234.0,719700,-15700.0,0.0005346374418269,0.0005344945741487,0.0070498821908614,42.79378103011976,20184.48447833773,20154.7557366816,-0.0008205464501118,0.7983508245877061,719700,-15700.0,450,0.002024755546707,0,TRENDED_UP,,,,1617,,,False
2025-10-29 21:48:46.418223,20158.678015044192,20166.79994293792,20154.061284169853,20157.43087141516,1540,20161.982445884463,78112,400600,324900,16400,18700,-39304.0,725500,5800.0,-0.0023914346161258,-0.002394298662919,0.0064082919711477,43.42924817646398,20175.466609363542,20155.09012852329,0.0023755228723931,0.8110334498252622,725500,5800.0,-2300,0.0020408918850183,1,TRANSITION,,,,1618,,,False
2025-10-29 21:53:46.418223,20186.694712895223,20201.51489040214,20183.767830358003,20191.31550393793,2210,20197.72505285668,125239,389900,325200,17950,19750,47127.0,715100,-10400.0,0.0016809995648217,0.0016795882664268,0.0064460584353828,43.47601752007237,20180.74957422167,20159.61830045012,0.0029243344463032,0.8340600153885611,715100,-10400.0,-1800,0.0020001484164643,0,TRENDED_UP,,,,1619,,,False
2025-10-29 21:58:46.418223,20166.675082366422,20167.12239389617,20153.211565030146,20161.664349022136,710,20176.09863439556,93335,395200,317500,18900,19750,-31904.0,712700,-2400.0,-0.0014685103063251,-0.0014695896243743,0.0064437983136936,43.0922976191947,20174.387832488494,20159.87405652162,-0.0001400571770032,0.8033906882591093,712700,-2400.0,-850,0.0019676619281641,1,TRANSITION,,,,1620,,,False
2025-10-29 22:03:46.418223,20223.62428962021,20237.563092566303,20214.2709849846,20221.77818644781,3360,20222.08198981337,88146,392300,324200,19400,17200,-5189.0,716500,3800.0,0.0029815910226969,0.0029771548958077,0.0063200641017543,45.43561518526413,20190.1846171416,20167.6120727624,0.0063529100450003,0.8264083609482539,716500,3800.0,2200,0.0020061735896685,0,TRENDED_UP,,,,1621,,,False
2025-10-29 22:08:46.418223,20256.61713836227,20263.418421202543,20244.418712244347,20246.59054036884,4400,20258.483848726617,91571,401900,318000,17600,17150,3425.0,719900,3400.0,0.0012270114770451,0.0012262593136753,0.0062475424374194,45.16451658308339,20208.98659155068,20177.4843812132,0.0092514385818112,0.7912416023886539,719900,3400.0,450,0.0020138278579142,1,TRANSITION,,,,1622,,,False
2025-10-29 22:13:46.418223,20243.232286032904,20243.7867315692,20206.42978930937,20242.877952442337,1540,20243.242345031296,93286,404400,323000,17200,19150,1715.0,727400,7500.0,-0.0001833685488478,-0.0001833853629165,0.0062294508670335,44.80710475996811,20220.2837118479,20185.65857761684,0.0078298425759228,0.7987141444114738,727400,7500.0,-1950,0.0020060408919791,0,TRENDED_UP,,,,1623,,,False
2025-10-29 22:18:46.418223,20282.370371933728,20291.724732830968,20267.036838464828,20274.145861989688,1980,20287.721037202235,95126,396000,331800,18300,16600,1840.0,727800,400.0,0.0015446375570118,0.0015434458314516,0.0060274233826928,45.09565301915829,20238.237761895165,20196.71948816344,0.0061167045836907,0.8378787878787879,727800,400.0,1700,0.002007534433647,1,TRANSITION,,,,1624,,,False
2025-10-29 22:23:46.418223,20284.637728255773,20284.712402918467,20264.46086863341,20273.33871392878,3210,20281.958036303684,95580,400200,316200,18250,16950,454.0,716400,-11400.0,-3.9811692507329965e-05,-3.981248501361279e-05,0.0060285066665972,43.3210731095796,20249.938079239702,20206.29689138411,0.0060142001075327,0.7901049475262368,716400,-11400.0,1300,0.0019703445617279,0,TRENDED_UP,,,,1625,,,False
2025-10-29 22:28:46.418223,20310.804745347727,20328.44873438397,20305.39411747965,20313.431553382376,3250,20308.30975711235,82193,403900,322900,19600,18450,-13387.0,726800,10400.0,0.0019776140486444,0.0019756611442858,0.0059739120589358,44.16314077712303,20271.1025706206,20219.68872413389,0.0099634350703785,0.7994553107204754,726800,10400.0,1150,0.0019864098422276,1,TRANSITION,,,,1626,,,False
2025-10-29 22:33:46.418223,20325.781342744864,20332.899686117413,20317.59486313764,20327.94339382836,3480,20329.46425718643,86836,402300,314900,16650,16050,4643.0,717200,-9600.0,0.000714396305117,0.0007141412455453,0.0059760129388945,42.39921163125975,20290.049511689853,20233.2205578457,0.0105974366681633,0.7827491921451653,717200,-9600.0,600,0.0019835157881114,0,TRENDED_UP,,,,1627,,,False
2025-10-29 22:38:46.418223,20300.19642602851,20322.72649552723,20298.012999829803,20308.142671326623,2210,20323.87539793356,88567,400500,318600,16950,16750,1731.0,719100,1900.0,-0.0009740642286394,-0.0009745389374895,0.0058400874169938,41.50858180035225,20296.08056490212,20242.58582203081,0.0067784032330358,0.7955056179775281,719100,1900.0,200,0.0019848824193114,1,TRANSITION,,,,1628,,,False
2025-10-29 22:43:46.418223,20280.812406474823,20287.84906993325,20260.804677846023,20276.44061807473,960,20291.38552162236,133454,401200,331700,19150,18550,44887.0,732900,13800.0,-0.0015610513361546,-0.0015622710463105,0.0058805246508908,41.92496834894137,20289.53391595965,20246.817671536304,0.0063220884354469,0.8267696909272183,732900,13800.0,600,0.0019945460609418,1,TRANSITION,,,,1629,,,False
2025-10-29 22:48:46.418223,20312.37240840509,20323.795968731785,20302.273589217413,20316.51666909872,1630,20324.2626746089,88576,399100,316900,18050,16850,-44878.0,716000,-16900.0,0.0019764835347022,0.0019745328610127,0.005767350126501,42.31285279952106,20298.528167006007,20255.530046231608,0.0106557703497141,0.7940365823101979,716000,-16900.0,1200,0.0020039375870715,0,TRENDED_UP,,,,1630,,,False
2025-10-29 22:53:46.418223,20302.377869973578,20325.53818124491,20293.21874252212,20307.96912019466,3240,20314.188850433733,87292,393400,315000,19200,16850,-1284.0,708400,-7600.0,-0.0004207192130067,-0.0004208077401646,0.0057832709217564,41.599037508325885,20301.675151402225,20262.08493047699,0.0100807875671244,0.800711743772242,708400,-7600.0,2350,0.0020038859138306,0,TRENDED_UP,,,,1631,,,False
2025-10-29 22:58:46.418223,20290.291957083904,20308.33972734172,20285.220678306738,20294.804252291786,3530,20300.322823618368,130326,396900,321600,18350,16650,43034.0,718500,10100.0,-0.0006482611739734,-0.0006484713861016,0.0055552131572191,40.27903833165832,20299.38485169875,20266.17484570384,0.0120390564999193,0.8102796674225246,718500,10100.0,1700,0.0020029434780827,1,TRANSITION,,,,1632,,,False
2025-10-29 23:03:46.418223,20261.44581035804,20286.746430983003,20247.58230322012,20253.08134168193,2560,20259.78730495541,93559,423000,319900,19250,17750,-36767.0,742900,24400.0,-0.0020558419825678,-0.0020579581264996,0.0057054725373596,40.77496052737323,20283.95034835981,20264.5381577011,0.0087401042134256,0.7562647754137116,742900,24400.0,1500,0.0019413809033857,1,TRANSITION,,,,1633,,,False
2025-10-29 23:08:46.418223,20274.52673983812,20276.507290484784,20272.15565623328,20276.04087679576,4440,20279.23962220857,82195,401200,316200,19100,17400,-11364.0,717400,-25500.0,0.0011336317040597,0.0011329896288447,0.0054349579974115,39.535745404193335,20281.31385783846,20265.97599758793,0.0064840672517343,0.788135593220339,717400,-25500.0,1700,0.0019041426805445,0,TRENDED_UP,,,,1634,,,False
2025-10-29 23:13:46.418223,20337.552318447026,20347.77571399141,20335.558290481305,20341.25517960816,4620,20352.71352617878,77860,403200,315100,17900,19450,-4335.0,718300,900.0,0.0032163233053563,0.0032111620015413,0.005650390404515,41.83568053215456,20301.29429842836,20275.385895340463,0.0106585736925146,0.7814980158730159,718300,900.0,-1550,0.0019425987766566,1,TRANSITION,,,,1635,,,False
2025-10-29 23:18:46.418223,20305.21492029173,20333.962223195384,20301.055545814503,20305.28780044842,2910,20312.868880350765,71596,396200,322700,17200,16350,-6264.0,718900,600.0,-0.0017681986112535,-0.0017697637196381,0.0057681240566344,41.71882005083312,20302.625465768386,20279.12363347896,0.0091860631660174,0.8144876325088339,718900,600.0,850,0.0019335495531412,0,TRENDED_UP,,,,1636,,,False
2025-10-29 23:23:46.418223,20306.15566614225,20319.547255964888,20278.91649711761,20284.97149607985,3500,20283.15382904386,110823,403100,328300,19900,16500,39227.0,731400,12500.0,-0.0010005425467607,-0.0010010434235816,0.0058157122427961,41.64110139343602,20296.74080920554,20279.85461630407,0.0078018882363823,0.8144381046886628,731400,12500.0,3400,0.0019316473785298,1,TRANSITION,,,,1637,,,False
2025-10-29 23:28:46.418223,20349.419907326446,20351.257436585816,20334.22903377881,20351.05284270095,2450,20359.121985015383,63912,395900,318200,17850,16700,-46911.0,714100,-17300.0,0.0032576504548635,0.0032523558072448,0.0056215561131984,43.40144704433117,20314.84482037068,20288.75439460368,0.0146182093281115,0.8037383177570093,714100,-17300.0,1150,0.0019682902091784,0,TRENDED_UP,,,,1638,,,False
2025-10-29 23:33:46.418223,20347.192539265227,20371.531362871447,20345.56343987436,20369.70193679409,2130,20374.78408075961,126926,406200,325500,16800,16750,63014.0,731700,17600.0,0.0009163699901564,0.0009159503795039,0.0055751240223005,42.15619532667081,20333.13052584515,20298.87283737748,0.0137318354717854,0.8013293943870015,731700,17600.0,50,0.0019558777279884,1,TRANSITION,,,,1639,,,False
2025-10-29 23:38:46.418223,20361.207579775324,20374.901994738066,20351.248011981635,20357.542162631307,2250,20359.705384470984,98173,394500,325700,19500,17700,-28753.0,720200,-11500.0,-0.0005969539564453,-0.0005971322043993,0.005607105152816,40.834608714510765,20341.267738107203,20306.20650303421,0.0126123006211167,0.8256020278833966,720200,-11500.0,1800,0.0019576362626679,0,TRENDED_UP,,,,1640,,,False
2025-10-29 23:43:46.418223,20328.98928613561,20332.645851021185,20306.79869321256,20321.588750374714,3920,20337.22739270842,91258,410000,322900,17350,18150,-6915.0,732900,12700.0,-0.0017660978898813,-0.0017676592794089,0.0056986557154109,41.542384479099056,20334.708075529707,20308.12928395177,0.0117098881382178,0.7875609756097561,732900,12700.0,-800,0.0019707923664307,1,TRANSITION,,,,1641,,,False
2025-10-29 23:48:46.418223,20342.257479630283,20351.127472194297,20331.764396274164,20346.05485589593,3200,20350.757463081416,95432,399200,322200,18300,17100,4174.0,721400,-11500.0,0.0012039464936404,0.0012032223312381,0.0050380556015011,40.68498000341933,20338.490335651783,20312.86998044479,0.0078770799068019,0.8071142284569138,721400,-11500.0,1200,0.001952037924145,0,TRENDED_UP,,,,1642,,,False
2025-10-29 23:53:46.418223,20336.75124231624,20349.601131920223,20322.42482366025,20339.927621296123,1590,20332.055013269288,109261,410700,325800,17600,16500,13829.0,736500,15100.0,-0.0003011509918362,-0.0003011963469017,0.0050311443979108,39.720074878887374,20338.969430866564,20316.25218555121,0.0066186836827373,0.7932797662527392,736500,15100.0,1100,0.0019498055168938,1,TRANSITION,,,,1643,,,False
2025-10-29 23:58:46.418223,20367.046971841257,20382.67624487129,20362.51636404564,20379.19321841076,2210,20381.79357571423,90603,389900,322900,16150,18800,-18658.0,712800,-23700.0,0.0019304688711638,0.0019286079107647,0.0050421754248512,39.93639978576453,20352.37736004796,20324.11981465865,0.0098526646886487,0.828161066940241,712800,-23700.0,-2650,0.0019645697716341,0,TRENDED_UP,,,,1644,,,False
2025-10-30 00:03:46.418223,20403.55865143189,20413.83110216528,20382.05276497955,20390.72615808446,4010,20400.88168871138,96164,410300,315900,17600,18200,5561.0,726200,13400.0,0.0005659173820129,0.0005657573111594,0.0050064929167232,39.55793435496109,20365.1602927268,20332.44560758688,0.0111386660008894,0.7699244455276627,726200,13400.0,-600,0.0019458901565111,1,TRANSITION,,,,1645,,,False
2025-10-30 00:08:46.418223,20483.172077971343,20491.15255800035,20474.03798609489,20490.662571755303,2510,20489.06547902649,121061,411500,315400,16000,19500,24897.0,726900,700.0,0.0049010718351107,0.0048891006809359,0.0056060241347723,43.90568189502745,20406.9943857363,20352.22272810793,0.0146426645098596,0.7664641555285541,726900,700.0,-3500,0.0020406103021522,1,TRANSITION,,,,1646,,,False
2025-10-30 00:13:46.418223,20501.19392222742,20513.03115576903,20489.78198558402,20507.24610081426,2170,20517.250592635275,106938,396000,324500,19350,16700,-14123.0,720500,-6400.0,0.0008093212701583,0.0008089939462934,0.0056090326657454,42.43021677288324,20440.41162409562,20371.60064969621,0.014921221514331,0.8194444444444444,720500,-6400.0,2650,0.0020387695042734,0,TRENDED_UP,,,,1647,,,False
2025-10-30 00:18:46.418223,20511.42030407286,20526.74272263703,20503.22460635784,20509.962490390884,1510,20507.925716182403,75000,396100,321700,19650,18000,-31938.0,717800,-2700.0,0.0001324599882046,0.0001324512161549,0.0053503845614735,41.07935245190532,20463.595246194043,20388.89587978305,0.017488916183046,0.8121686442817471,717800,-2700.0,1650,0.001890289015431,1,TRANSITION,,,,1648,,,False
2025-10-30 00:23:46.418223,20517.606998274907,20533.95999944157,20507.404020765985,20521.08152491712,1350,20533.41473798971,85845,396700,316800,19150,16050,10845.0,713500,-4300.0,0.0005421284671507,0.0005419815686025,0.00531075183918,40.04196861073951,20482.757339101736,20405.419085424808,0.0163320721185737,0.7985883539198386,713500,-4300.0,3100,0.0018875693300852,0,TRENDED_UP,,,,1649,,,False
2025-10-30 00:28:46.418223,20506.94575437127,20522.60676705249,20499.13506507156,20517.50126873705,1910,20518.08047673617,64371,403600,314700,18100,18600,-21474.0,718300,4800.0,-0.0001744672265797,-0.0001744824477558,0.0051959562074979,38.85837813718159,20494.33864898017,20419.42935833884,0.0176491837952939,0.7797324083250743,718300,4800.0,-500,0.0018811544152386,1,TRANSITION,,,,1650,,,False
2025-10-30 00:33:46.418223,20517.56547736861,20539.52958550801,20514.490960635656,20526.51437133194,4960,20528.45335952668,112304,388600,318000,16750,19350,47933.0,706600,-11700.0,0.0004392885116388,0.0004391920526884,0.0050003917032777,37.87125290397972,20505.063889764097,20432.814984962977,0.0150697026776982,0.8183221821924859,706600,-11700.0,-2600,0.0018143688216607,0,TRENDED_UP,,,,1651,,,False
2025-10-30 00:38:46.418223,20508.68120039988,20510.40658687401,20480.80995911577,20496.96029106127,3860,20498.440634055023,114439,394400,321300,17700,19650,2135.0,715700,9100.0,-0.0014398002376841,-0.0014408377460366,0.0051001717931155,38.43076428342199,20502.36269019649,20440.83314822526,0.0123660203525737,0.8146551724137931,715700,9100.0,-1950,0.0018106518354168,1,TRANSITION,,,,1652,,,False
2025-10-30 00:43:46.418223,20514.06936357867,20523.183331652323,20513.579085009707,20522.481754544773,2620,20530.264614389744,81312,412500,314200,17350,16600,-33127.0,726700,11000.0,0.001245134064812,0.0012443595282611,0.0051093038648329,37.5587840196813,20509.069044979253,20451.0392240152,0.0138124530888998,0.7616969696969697,726700,11000.0,750,0.0018108011007837,1,TRANSITION,,,,1653,,,False
2025-10-30 00:48:46.418223,20554.85893384403,20572.80812243249,20546.72497292008,20554.19410126849,1000,20569.6762574521,146097,404100,331300,16050,19800,64785.0,735400,8700.0,0.0015452491128025,0.0015440564438797,0.0051093475626869,38.47075429596946,20524.110730409,20463.93358367186,0.0138130721355735,0.819846572630537,735400,8700.0,-3750,0.0017778701739525,1,TRANSITION,,,,1654,,,False
2025-10-30 00:53:46.418223,20524.05357869671,20528.204915896487,20515.047445869783,20524.8014146428,1610,20528.99771062841,148757,407500,324000,16450,16100,2660.0,731500,-3900.0,-0.0014300091981653,-0.0014310326371198,0.0052154172088636,38.5190329461651,20524.340958486937,20471.542062543227,0.0124036156186375,0.7950920245398773,731500,-3900.0,350,0.0017920807023038,1,TRANSITION,,,,1655,,,False
2025-10-30 00:58:46.418223,20559.381582383063,20570.898874796098,20555.96133055468,20560.13402481741,4910,20564.17879436732,100456,405700,311700,17750,16700,-48301.0,717400,-14100.0,0.0017214592950653,0.0017199792822921,0.005191585377874,39.06034917524602,20536.271980597096,20482.6160578275,0.0121447954663256,0.7683017007641114,717400,-14100.0,1050,0.0017765284121687,0,TRENDED_UP,,,,1656,,,False
2025-10-30 01:03:46.418223,20600.24634167422,20617.870149157738,20584.968263229235,20598.698820384045,3200,20599.275984064017,84052,396700,319500,18700,17400,-16404.0,716200,-1200.0,0.001875707401522,0.001873950459057,0.0052567611728837,40.39433311560905,20557.080927192743,20497.12640314707,0.0133193713358079,0.8053945046634736,716200,-1200.0,1300,0.0017867127502561,1,TRANSITION,,,,1657,,,False
2025-10-30 01:08:46.418223,20596.804270623663,20614.476124913574,20594.257105404933,20609.07695365654,1140,20603.137336436583,105476,400400,329300,18300,16150,21424.0,729700,13500.0,0.0005038247009185,0.0005036978238681,0.0051899861047579,38.95323928653987,20574.41293601401,20511.120221960755,0.0148184049718544,0.8224275724275725,729700,13500.0,2150,0.0017584512163601,1,TRANSITION,,,,1658,,,False
2025-10-30 01:13:46.418223,20531.55865340254,20535.663938453752,20527.278495358096,20530.69922330105,3930,20531.888835342605,83579,399900,311000,17750,19900,-21897.0,710900,-18800.0,-0.0038030684504568,-0.0038103185027438,0.0056290198280682,42.01361207310436,20559.841698443022,20513.56759712829,0.0125396074200356,0.7776944236059015,710900,-18800.0,-2150,0.0018297769691917,0,TRENDED_UP,,,,1659,,,False
2025-10-30 01:18:46.418223,20513.05301464713,20520.6958476358,20488.25305437806,20501.5703601052,2320,20497.927214919928,119000,400300,316900,16300,19800,35421.0,717200,6300.0,-0.0014187954769114,-0.0014198029202301,0.0056455249305305,42.04450899095334,20540.41791899709,20512.067942500405,0.0091085344018615,0.7916562578066451,717200,6300.0,-3500,0.0018113561486587,1,TRANSITION,,,,1660,,,False
2025-10-30 01:23:46.418223,20553.205368021496,20554.28407944678,20542.30244148524,20549.1612180474,3810,20541.63622228496,103327,384200,316100,17650,17650,-15673.0,700300,-16900.0,0.0023213274449849,0.0023186373267236,0.005742834084094,42.80659544456954,20543.33235201386,20516.70460194378,0.0118767217157571,0.8227485684539303,700300,-16900.0,0,0.0018292929301086,0,TRENDED_UP,,,,1661,,,False
2025-10-30 01:28:46.418223,20552.705888173205,20560.84003473677,20545.36790299576,20554.54221815239,590,20558.17833940645,104765,390900,316400,16350,17900,1438.0,707300,7000.0,0.0002618598417662,0.0002618255624611,0.0057106272110924,40.85413375145823,20547.06897406004,20521.43430396985,0.0127982493761313,0.8094141724226145,707300,7000.0,-1550,0.0017879520220849,1,TRANSITION,,,,1662,,,False
2025-10-30 01:33:46.418223,20522.126639108574,20535.001447490635,20510.034803874067,20534.739689843576,2830,20535.50402237327,135183,404400,310700,19250,18400,30418.0,715100,7800.0,-0.0009634137359344,-0.0009638781172327,0.0055832807676714,41.11508236052002,20542.95921265455,20523.097477204075,0.0139069380806751,0.7682987141444114,715100,7800.0,850,0.0017935351396235,0,TRENDED_UP,,,,1663,,,False
2025-10-30 01:38:46.418223,20506.79900491732,20515.2100630951,20503.72795758035,20512.982775659908,3470,20525.556654199303,87619,396700,332500,18550,17250,-47564.0,729200,14100.0,-0.0010595174086589,-0.0010600790940067,0.0056342540006461,40.39341449642752,20532.96706698968,20521.83313951105,0.0116858069237426,0.8381648600957903,729200,14100.0,1300,0.0017589550032535,1,TRANSITION,,,,1664,,,False
2025-10-30 01:43:46.418223,20532.878280749053,20533.47753578734,20511.46543726165,20524.14631207305,2930,20522.98298977988,88420,409100,315100,16600,16950,801.0,724200,-5000.0,0.0005442180952051,0.0005440700622436,0.0053841984001493,39.080463355660605,20530.0268153508,20522.122286081303,0.008991142918665,0.7702273282815938,724200,-5000.0,-350,0.0017517702556533,1,TRANSITION,,,,1665,,,False
2025-10-30 01:48:46.418223,20549.9297064618,20581.677284645124,20548.16198754204,20575.46494550928,4000,20583.717974816424,117167,393500,312500,16500,16200,28747.0,706000,-18200.0,0.0025004028258188,0.002497282019771,0.0053826715938608,40.39835687111861,20545.17285873696,20528.7901185098,0.0133057530489615,0.7941550190597204,706000,-18200.0,300,0.0017718617804035,0,TRENDED_UP,,,,1666,,,False
2025-10-30 01:53:46.418223,20542.771396038483,20549.016672522328,20527.9994054745,20545.491005380853,3160,20553.611544867337,91560,392100,321500,19600,18850,-25607.0,713600,7600.0,-0.0014567806952506,-0.0014578428319058,0.0054299437974286,40.90315566852274,20545.27890761826,20530.87772936868,0.0128429812854975,0.8199438918643204,713600,7600.0,750,0.0017875524245273,1,TRANSITION,,,,1667,,,False
2025-10-30 01:58:46.418223,20531.67643592256,20566.19545323084,20529.98010830146,20544.76939090354,1670,20557.11967210747,132076,387700,320600,17350,19600,40516.0,708300,-5300.0,-3.5122766212980494e-05,-3.512338303224283e-05,0.0051715414201875,40.56831204429826,20545.109068713355,20532.61418706053,0.0095187482288943,0.8269280371421202,708300,-5300.0,-2250,0.001716298243042,0,TRENDED_UP,,,,1668,,,False
2025-10-30 02:03:46.418223,20519.820000039985,20529.81034353319,20518.134960150343,20518.26342360578,1930,20521.23307828528,120009,398100,310600,18150,19200,-12067.0,708700,400.0,-0.0012901564769813,-0.0012909894453656,0.0052381146612072,39.57303480921968,20536.160520344165,20530.82034162869,0.0072932577645301,0.7802059783973876,708700,400.0,-1050,0.001720085717684,1,TRANSITION,,,,1669,,,False
2025-10-30 02:08:46.418223,20491.65301154349,20500.17996446853,20474.878425078645,20497.11771783,4300,20509.328111783,92572,401200,318100,16550,16900,-27437.0,719300,10600.0,-0.0010305797005926,-0.0010311111129919,0.0052672853586625,39.845317931927816,20523.146252839444,20526.607513653857,0.0068562085778163,0.7928713858424726,719300,10600.0,-350,0.0017291185822718,1,TRANSITION,,,,1670,,,False
2025-10-30 02:13:46.418223,20541.57120768735,20558.140542235084,20526.87006893023,20550.19320871844,2500,20557.761516267907,63768,396100,324300,16650,16150,-28804.0,720400,1100.0,0.0025894124051535,0.0025860656530216,0.0052974862330811,41.35799696572475,20532.16190479911,20529.555725536928,0.0112493398597839,0.818732643271901,720400,1100.0,500,0.0017461176168938,0,TRENDED_UP,,,,1671,,,False
2025-10-30 02:18:46.418223,20531.84747227663,20563.85750748621,20518.649609816515,20544.353366283267,2880,20555.483996764942,70955,403100,330100,18200,16950,7187.0,733200,12800.0,-0.0002841745756771,-0.0002842149609225,0.005286948143171,41.632989873151125,20536.22572529383,20531.40543063022,0.0097462880048155,0.8189034978913421,733200,12800.0,1250,0.0016392111854985,1,TRANSITION,,,,1672,,,False
2025-10-30 02:23:46.418223,20569.57317705648,20581.343403497016,20552.95454094276,20580.447984422764,3830,20599.34591951133,90364,418000,321200,19750,16750,19409.0,739200,6000.0,0.0017569118626403,0.0017553702983246,0.0053351013775578,41.301350397479546,20550.96647833681,20537.535749854287,0.0118250353494284,0.7684210526315789,739200,6000.0,3000,0.0016479734360919,1,TRANSITION,,,,1673,,,False
2025-10-30 02:28:46.418223,20616.77217434864,20636.448743705245,20612.93077296772,20625.763117769464,4520,20629.12579731533,108094,402600,323500,17700,17600,17730.0,726100,-13100.0,0.002201853593323,0.0021994330661456,0.0053635155009352,42.351308174979614,20575.89869148103,20548.564170843685,0.012099100131989,0.8035270740188774,726100,-13100.0,100,0.0016524525888949,0,TRENDED_UP,,,,1674,,,False
2025-10-30 02:33:46.418223,20647.87470170654,20656.71960517193,20642.90317221564,20644.621766033608,4640,20649.808579790795,122045,395500,320200,16700,16250,13951.0,715700,-10400.0,0.0009143248740162,0.0009139071336434,0.0053707881976259,41.53739240551432,20598.80638299856,20560.571370242425,0.0124515235985591,0.8096080910240202,715700,-10400.0,450,0.0016478937757483,0,TRENDED_UP,,,,1675,,,False
2025-10-30 02:38:46.418223,20634.717311156302,20638.824117368244,20612.905988000013,20628.81840218154,4860,20630.705014343457,95654,396000,323900,16850,16800,-26391.0,719900,4200.0,-0.000765495441436,-0.0007657885826812,0.0047127033170752,40.83584852180577,20608.81038939289,20569.102249234813,0.006742379849477,0.817929292929293,719900,4200.0,50,0.0016488106454604,1,TRANSITION,,,,1676,,,False
2025-10-30 02:43:46.418223,20647.4238533971,20654.931805063872,20644.91028683941,20650.85759751834,2950,20664.542774047462,82222,392800,312700,19800,16250,-13432.0,705500,-14400.0,0.0010683692544635,0.0010677989541907,0.0047258087392127,39.7842452618434,20622.826125434705,20579.32166777025,0.0070029635377701,0.7960794297352343,705500,-14400.0,3550,0.0016512343494498,0,TRENDED_UP,,,,1677,,,False
2025-10-30 02:48:46.418223,20646.880969361988,20660.911374798507,20642.708676979644,20656.514061481383,3950,20676.7862782823,97185,399300,314300,19800,19700,14963.0,713600,8100.0,0.0002739093975312,0.0002738718912009,0.0047254883280601,38.24270615877333,20634.055437450268,20588.970716984142,0.0071453846470543,0.7871274730778863,713600,8100.0,100,0.0016111563584167,2,SIDEWAYS,,,,1678,,,False
2025-10-30 02:53:46.418223,20619.11818338208,20623.762595666914,20616.803528869128,20616.82203115648,570,20625.486240937866,100407,397800,322500,19100,17350,3222.0,720300,6700.0,-0.0019215260719579,-0.0019233745715201,0.0048787308972504,38.34755090545057,20628.31096868568,20592.452131255686,0.0046654707805291,0.8107088989441931,720300,6700.0,1750,0.0016299787008234,2,SIDEWAYS,,,,1679,,,False
2025-10-30 02:58:46.418223,20629.358920361297,20643.04721857433,20628.144806069788,20640.34582775761,2010,20634.50410681225,126098,388600,318800,18750,18050,25691.0,707400,-12900.0,0.0011410001291944,0.001140349683272,0.0049063940959378,37.48166779919346,20632.322588376323,20598.43884331843,0.0059873060277442,0.8203808543489449,707400,-12900.0,700,0.0016154227838556,2,SIDEWAYS,,,,1680,,,False
2025-10-30 03:03:46.418223,20593.112841188497,20613.79823158364,20575.899456915908,20608.069791465896,4410,20606.73164800715,124988,401400,324100,19700,16200,-1110.0,725500,18100.0,-0.0015637352475126,-0.0015649591575552,0.0050055337531827,39.40771801651552,20624.238322739515,20599.64271183686,0.0039731743372786,0.8074240159441953,725500,18100.0,3500,0.00159851784799,2,SIDEWAYS,,,,1681,,,False
2025-10-30 03:08:46.418223,20630.038862775385,20649.68840183422,20592.64267996152,20620.586994689755,2600,20631.884539400544,79961,402700,311200,18450,18800,-45027.0,713900,-11600.0,0.0006073932857624,0.0006072088971205,0.0049245841024116,40.66757543481459,20623.0212133896,20602.26074719347,0.0060314652452342,0.772783709957785,713900,-11600.0,-350,0.0015945318147924,2,SIDEWAYS,,,,1682,,,False
2025-10-30 03:13:46.418223,20615.87242002024,20620.344759999847,20601.88893994484,20607.245494792667,4160,20604.292334118432,109081,398300,323500,17900,19700,29120.0,721800,7900.0,-0.0006469990355038,-0.0006472084297026,0.0049077950553314,39.09832395696447,20617.76264052396,20602.88384064337,0.0041302870316415,0.8122018578960583,721800,7900.0,-1800,0.0015980603737988,2,SIDEWAYS,,,,1683,,,False
2025-10-30 03:18:46.418223,20622.3002032916,20640.057603003417,20618.68749978807,20620.8527749887,4810,20621.261897049146,82923,399600,319300,17000,19050,-26158.0,718900,-2900.0,0.0006603153342095,0.0006600974219619,0.0048480637659422,38.64930854652058,20618.79268534554,20605.12995743654,0.0032430691951135,0.799049049049049,718900,-2900.0,-2050,0.0015904365054475,2,SIDEWAYS,,,,1684,,,False
2025-10-30 03:23:46.418223,20631.2714483886,20642.358674100564,20624.92564081613,20634.444668617787,2070,20634.636934291026,83487,388800,327600,16150,16000,564.0,716400,-2500.0,0.000659133440183,0.0006589163071435,0.0047707264381772,37.42477930118797,20624.01001310296,20608.7942963342,0.0053419885415684,0.8425925925925926,716400,-2500.0,150,0.0015905937866869,2,SIDEWAYS,,,,1685,,,False
2025-10-30 03:28:46.418223,20623.466929457427,20629.69354903697,20610.74439594956,20618.05773422708,1070,20621.70413810373,120773,406700,320500,19250,19500,37286.0,727200,10800.0,-0.0007941543692538,-0.0007944698768866,0.0047123548449644,36.44445739883353,20622.025920144333,20609.952226070807,0.0028172826762582,0.7880501598229653,727200,10800.0,-250,0.001581136736023,2,SIDEWAYS,,,,1686,,,False
2025-10-30 03:33:46.418223,20641.83082554059,20660.413291959816,20640.38018490575,20655.7867950101,1350,20661.50871752698,96013,401300,323400,19050,17500,-24760.0,724700,-2500.0,0.0018299037314455,0.0018282314973205,0.0047066110576547,36.86667885125534,20633.27954509959,20615.68154718822,0.0027714359593218,0.8058808871168702,724700,-2500.0,1550,0.0015931983735155,2,SIDEWAYS,,,,1687,,,False
2025-10-30 03:38:46.418223,20627.338012590302,20644.243462818755,20620.82760044796,20631.711697836545,1040,20624.14337872968,112797,394000,317700,16500,17750,16784.0,711700,-13000.0,-0.0011655376487217,-0.0011662174159745,0.0047536227358913,36.73042997346136,20632.756929345243,20617.68531601926,0.0010982900510734,0.8063451776649746,711700,-13000.0,-1250,0.0015959192102865,2,SIDEWAYS,,,,1688,,,False
2025-10-30 03:43:46.418223,20654.52099709849,20677.734317676262,20648.330313704813,20654.92837704157,2500,20649.59462134165,110694,408300,324800,16300,19950,-2103.0,733100,21400.0,0.0011252909862762,0.0011246583209505,0.0042121001147548,37.39415782105109,20640.14741191069,20622.340698647047,0.0060508973605502,0.7954935096742591,733100,21400.0,-3650,0.0015814528398732,2,SIDEWAYS,,,,1689,,,False
2025-10-30 03:48:46.418223,20613.06834645508,20615.444893051343,20594.29660803444,20598.26909587767,1710,20593.09744839472,98410,397500,323800,18350,16500,-12284.0,721300,-11800.0,-0.002743136172134,-0.0027469054648623,0.004445515134136,39.0539871914853,20626.187973233016,20619.33174830088,0.0047166501918622,0.8145911949685535,721300,-11800.0,1850,0.0016142607347776,2,SIDEWAYS,,,,1690,,,False
2025-10-30 03:53:46.418223,20617.18249401999,20618.583013289903,20595.27495338421,20603.61828661209,4950,20599.184217136863,106659,398500,312600,19300,18000,8249.0,711100,-10200.0,0.0002596912735493,0.0002596575596065,0.004259793753915,37.929278099642666,20618.664744359376,20617.36756558978,0.0026500871732353,0.7844416562107904,711100,-10200.0,1300,0.0016120029262699,2,SIDEWAYS,,,,1691,,,False
2025-10-30 03:58:46.418223,20677.43942932639,20680.887616660355,20662.768417875337,20680.34470520228,1570,20684.58008244161,104077,392700,326500,18500,19100,-2582.0,719200,8100.0,0.0037239293372097,0.0037170126784698,0.004736390143493,40.73928181025849,20639.22473130701,20625.23970804134,0.0061204227131259,0.831423478482302,719200,8100.0,-600,0.0016687024493007,2,SIDEWAYS,,,,1692,,,False
2025-10-30 04:03:46.418223,20646.642725058908,20648.13835301244,20621.602116871945,20624.627255073785,3530,20629.956110505023,76991,385700,327700,16250,16700,-27086.0,713400,-5800.0,-0.0026942225056083,-0.002697858455237,0.0049773354975949,42.025232275978105,20634.358905895937,20625.163151420395,0.0043773413536216,0.849624060150376,713400,-5800.0,-450,0.0016860712207895,2,SIDEWAYS,,,,1693,,,False
2025-10-30 04:08:46.418223,20625.869910981142,20636.75727716539,20618.34333136882,20636.313174720297,1810,20646.712953486884,109746,395700,317800,19550,16750,32755.0,713500,100.0,0.0005666002833402,0.0005664398260076,0.0049309821799028,40.33871181316339,20635.01032883739,20626.556904332883,0.0060123093949422,0.8031336871367197,713500,100.0,2800,0.001682927640318,2,SIDEWAYS,,,,1694,,,False
2025-10-30 04:13:46.418223,20641.98215425893,20652.53889196013,20625.98498279985,20640.34984984236,4700,20647.91410108186,85880,387800,313700,17350,16400,-23866.0,701500,-12000.0,0.0001956102859985,0.0001955911568014,0.0049267985439371,39.35408305224292,20636.790169172386,20628.28102252157,0.0056617964032421,0.8089221248066013,701500,-12000.0,950,0.0016387675819695,2,SIDEWAYS,,,,1695,,,False
2025-10-30 04:18:46.418223,20647.749765606502,20683.20038244495,20647.523788155468,20681.2310516579,4410,20681.754758047617,78618,396200,313700,18550,16850,-7262.0,709900,8400.0,0.0019806448104293,0.0019786859196475,0.004853332104863,39.60382944869614,20651.60379666756,20634.89977616361,0.0051403993265146,0.7917718324078749,709900,8400.0,1700,0.0016321614063545,2,SIDEWAYS,,,,1696,,,False
2025-10-30 04:23:46.418223,20658.818792860075,20688.594981526938,20655.54486582092,20682.658204665364,4340,20688.221394704546,117092,399500,317900,18050,16450,38474.0,717400,7500.0,6.900715938518154e-05,6.900477850102504e-05,0.0047580868142733,39.13570703850478,20661.95526600016,20640.869579726328,0.0066762677635003,0.7957446808510639,717400,7500.0,1600,0.0016234632774103,2,SIDEWAYS,,,,1697,,,False
2025-10-30 04:28:46.418223,20674.19013921099,20677.096160074765,20663.941914024817,20672.314482931888,2470,20682.98694674308,88173,404900,322300,16350,18000,-28919.0,727200,9800.0,-0.000500115682961,-0.0005002407825198,0.0047739084965041,37.67717729579348,20665.40833831073,20644.800192627023,0.0062081539880811,0.7959990121017535,727200,9800.0,-1650,0.0015804347304915,2,SIDEWAYS,,,,1698,,,False
2025-10-30 04:33:46.418223,20694.08998070884,20700.08450769705,20685.489935486483,20692.989706959503,960,20695.71673663584,122213,399000,318700,19900,16550,34040.0,717700,-9500.0,0.0010001407459567,0.0009996409384243,0.004710485769553,36.969523543605575,20674.60212786033,20650.823881918583,0.0085156467555975,0.7987468671679198,717700,-9500.0,3350,0.0015810593342745,2,SIDEWAYS,,,,1699,,,False
2025-10-30 04:38:46.418223,20728.77229470608,20753.73296284212,20728.21208240044,20739.09088595836,2770,20741.30736408048,121967,392800,328100,16400,19550,-246.0,720900,3200.0,0.0022278645885256,0.0022253865779795,0.0047706421734317,38.6676472821065,20696.09838055967,20661.85725742356,0.0118052289819206,0.835285132382892,720900,3200.0,-3150,0.0015969605030147,2,SIDEWAYS,,,,1700,,,False
2025-10-30 04:43:46.418223,20741.72618476893,20765.90949501798,20740.42413756533,20759.38955472909,2940,20757.656411722583,90464,402500,313800,18000,18600,-31503.0,716300,-4600.0,0.0009787636730242,0.0009782849961759,0.0046070341485916,37.82128740907155,20717.195438616145,20674.04879458675,0.0101797751430334,0.7796273291925466,716300,-4600.0,-600,0.0015756290163344,2,SIDEWAYS,,,,1701,,,False
2025-10-30 04:48:46.418223,20734.4287357248,20735.45440350315,20707.54339118882,20717.44693734557,2520,20716.58824589769,121366,401900,316900,17100,17900,30902.0,718800,2500.0,-0.0020204167021841,-0.0020224604973524,0.0047890760359223,38.82306427558553,20717.27927152596,20679.473562431605,0.0084253599018782,0.7885046031351083,718800,2500.0,-800,0.0016010315399874,2,SIDEWAYS,,,,1702,,,False
2025-10-30 04:53:46.418223,20755.564992848693,20759.07639278715,20712.995929203,20737.026376812293,3100,20745.43881360834,92213,393100,319600,19550,19200,-29153.0,712700,-6100.0,0.0009450700912103,0.0009446237936376,0.0047269227889244,39.341449940483166,20723.86163995473,20686.66766422919,0.0076081139005352,0.8130246756550497,712700,-6100.0,350,0.0016011613887597,2,SIDEWAYS,,,,1703,,,False
2025-10-30 04:58:46.418223,20815.00718953127,20825.337448704384,20793.891503773244,20808.5333600564,2270,20812.671192115384,98632,401500,322800,16250,17300,6419.0,724300,11600.0,0.0034482756565359,0.0034423439861459,0.004947222674233,42.8392800798837,20752.08554665529,20701.90087620759,0.0088612596413208,0.8039850560398506,724300,11600.0,-1050,0.001638394012009,2,SIDEWAYS,,,,1704,,,False
2025-10-30 05:03:46.418223,20811.074552575166,20817.350763715447,20797.567084016853,20817.138250219174,730,20833.53210683808,109875,404500,323700,17800,16000,11243.0,728200,3900.0,0.0004135269898115,0.0004134415110907,0.0049343389779244,41.19245148122014,20773.769781176583,20716.30554795904,0.0083564855845121,0.8002472187886279,728200,3900.0,1800,0.0016381680561923,2,SIDEWAYS,,,,1705,,,False
2025-10-30 05:08:46.418223,20780.883081501463,20801.278599472884,20767.22768709532,20786.04581749677,2240,20785.98320652448,140787,401700,311100,16350,17000,30912.0,712800,-15400.0,-0.0014935978398508,-0.0014947143690058,0.0050032357402099,41.81517374140844,20777.861793283315,20725.023081651256,0.0076217363617203,0.7744585511575803,712800,-15400.0,-650,0.0015425479408139,2,SIDEWAYS,,,,1706,,,False
2025-10-30 05:13:46.418223,20815.62907687121,20845.18485553159,20808.20553401639,20826.763059773188,3230,20835.68549394151,118817,397300,319700,17100,16850,-21970.0,717000,4200.0,0.0019588738826958,0.0019569577910978,0.0050771202939043,43.05259261950902,20794.16221544661,20737.7405789165,0.0085180705655529,0.8046816008054367,717000,4200.0,250,0.0015567968304386,2,SIDEWAYS,,,,1707,,,False
2025-10-30 05:18:46.418223,20812.078821472165,20815.89519904644,20788.924895509863,20799.59472171104,3890,20806.165786775844,98844,391200,318500,19200,16350,-19973.0,709700,-7300.0,-0.0013044916285923,-0.0013053432184726,0.0051573150523208,42.68013345121015,20795.973050868088,20745.47234676581,0.0069266605102775,0.814161554192229,709700,-7300.0,2850,0.0015697687360421,2,SIDEWAYS,,,,1708,,,False
2025-10-30 05:23:46.418223,20744.570015080564,20748.551673304843,20714.254630734653,20720.546310815385,4610,20724.134854026423,102066,398000,315600,17800,19200,3222.0,713600,3900.0,-0.0038004784205308,-0.0038077185885327,0.0055212605945046,45.72727327443686,20770.830804183854,20742.35659227201,0.0050310508332542,0.792964824120603,713600,3900.0,-1400,0.0016534968818719,1,TRANSITION,,,,1709,,,False
2025-10-30 05:28:46.418223,20771.163589560783,20782.176267144,20755.91910870176,20780.07456616718,3100,20781.515651727845,68337,386100,326900,17000,17200,-33729.0,713000,-600.0,0.0028729095487565,0.0028687906310853,0.0057086139188436,46.86317920687821,20773.9120581783,20747.071339008908,0.0067696897898705,0.8466718466718467,713000,-600.0,-200,0.0016893131829737,0,TRENDED_UP,,,,1710,,,False
2025-10-30 05:33:46.418223,20754.69874631944,20754.88444874788,20745.790343971203,20746.10426424533,3350,20753.98841789788,120096,395200,322900,17850,17750,51759.0,718100,5100.0,-0.0016347536104205,-0.0016360912781419,0.0057162586637631,45.96468227752808,20764.64279353397,20746.95045466346,0.0066980786738501,0.8170546558704453,718100,5100.0,100,0.0017057467878308,1,TRANSITION,,,,1711,,,False
2025-10-30 05:38:46.418223,20752.087971026907,20762.219140879297,20704.20576620804,20731.144052161784,500,20738.66535549749,117946,408200,311900,18350,16300,-2150.0,720100,2000.0,-0.0007211094619498,-0.0007213695864365,0.0057363617886777,46.82530316279464,20753.47654640991,20744.97465435075,0.0053614893455991,0.7640862322390984,720100,2000.0,2050,0.0016966831604052,1,TRANSITION,,,,1712,,,False
2025-10-30 05:43:46.418223,20762.632097269336,20764.60788315001,20744.734066723333,20764.13804986334,1350,20769.549112347628,105669,398500,316600,17700,16100,-12277.0,715100,-5000.0,0.0015915184236112,0.0015902533002982,0.0057698673950508,45.87091229318251,20757.030380894383,20747.370078789823,0.0076134656186979,0.7944792973651192,715100,-5000.0,1600,0.0017009109600467,0,TRENDED_UP,,,,1713,,,False
2025-10-30 05:48:46.418223,20768.77354385933,20789.82026617182,20761.56861276302,20777.010186983884,3870,20783.81861212426,114355,400700,318900,19550,16750,8686.0,719600,4500.0,0.0006199215729365,0.0006197295009346,0.005768954309408,44.61239380144083,20763.690316257555,20751.07509231408,0.0075727911788685,0.7958572498128276,719600,4500.0,2800,0.0016926520523098,1,TRANSITION,,,,1714,,,False
2025-10-30 05:53:46.418223,20791.09488418742,20805.554803325664,20777.70007289323,20789.826033479807,4790,20794.21156474393,59496,396000,313600,19750,17050,-54859.0,709600,-10000.0,0.0006168282337346,0.0006166380733922,0.0057679997311393,43.464695411465065,20772.40222199831,20755.9189599598,0.0075301936813609,0.7919191919191919,709600,-10000.0,2700,0.0016802227163529,0,TRENDED_UP,,,,1715,,,False
2025-10-30 05:58:46.418223,20777.725737635377,20791.812727602308,20763.711283823257,20772.969213536617,1180,20766.896148290623,78364,404700,316300,16900,17800,18868.0,721000,11400.0,-0.0008108206348645,-0.0008111495277098,0.0057690240220254,42.36732029486405,20772.591219177742,20758.0502416569,0.0075133885696894,0.7815665925376822,721000,11400.0,-900,0.0016735280444894,1,TRANSITION,,,,1716,,,False
2025-10-30 06:03:46.418223,20793.931588911622,20795.967161676945,20790.15019503208,20792.27470523508,800,20796.959455290333,136029,406600,320300,17350,17100,57665.0,726900,5900.0,0.0009293563909911,0.0009289248067165,0.0057086892617974,40.98379371239719,20779.15238119686,20762.32829960417,0.0066077323308715,0.7877520905066404,726900,5900.0,250,0.0016616400553654,1,TRANSITION,,,,1717,,,False
2025-10-30 06:08:46.418223,20786.04553020532,20796.87788254731,20779.176049498925,20782.19405511933,2470,20784.676173914304,94845,392500,310300,19650,17650,-41184.0,702800,-24100.0,-0.0004848267088934,-0.0004849442753638,0.0056660997956206,39.32079652211055,20780.16627250435,20764.811519043567,0.0072937407950772,0.7905732484076433,702800,-24100.0,2000,0.0016630339203057,0,TRENDED_UP,,,,1718,,,False
2025-10-30 06:13:46.418223,20809.30181344896,20815.236846627577,20790.657793167444,20795.2758538434,1400,20811.57671026109,115148,395800,319000,18400,17150,20303.0,714800,12000.0,0.0006294714932106,0.0006292734591308,0.0056471493032217,38.87236759254889,20785.202799617367,20768.619560893545,0.0067948663021184,0.8059626073774634,714800,12000.0,1250,0.0015810653232882,2,SIDEWAYS,,,,1719,,,False
2025-10-30 06:18:46.418223,20828.72701896524,20832.178665744214,20812.791546651,20821.28407460186,4890,20829.404702079588,85067,402300,311800,19000,17650,-30081.0,714100,-700.0,0.0012506792860673,0.0012498978382229,0.0053935365005667,38.73168504313929,20797.22989127887,20775.20262510709,0.0108268795638184,0.7750434998757146,714100,-700.0,1350,0.001571862894355,2,SIDEWAYS,,,,1720,,,False
2025-10-30 06:23:46.418223,20799.729513927545,20810.546224086727,20793.463871670545,20805.15075444021,3980,20810.56951292828,91156,399700,316600,18800,18400,6089.0,716300,2200.0,-0.0007748475119904,-0.0007751478614839,0.005432104676222,37.95229346372321,20799.87017899932,20778.94614127373,0.0097814114503893,0.7920940705529147,716300,2200.0,400,0.0015537569275422,2,SIDEWAYS,,,,1721,,,False
2025-10-30 06:28:46.418223,20833.84766436201,20846.08773023117,20823.013460532555,20837.19856522597,4320,20844.259229580355,137093,388200,323100,16000,16350,45937.0,711300,-5000.0,0.0015403786862213,0.0015391935198856,0.0051066392505443,38.16548505852602,20812.312974408203,20786.22769426776,0.0075846830533843,0.8323029366306027,711300,-5000.0,-350,0.0015632522455591,2,SIDEWAYS,,,,1722,,,False
2025-10-30 06:33:46.418223,20817.31329624426,20819.36893172577,20806.708228692067,20819.06257306092,4610,20816.83627746753,96850,412400,315000,19000,17750,-40243.0,727400,16100.0,-0.0008703661439075,-0.0008707451324418,0.004851416276394,37.617260163910245,20814.56284062577,20790.3320541169,0.0094273373080866,0.7638215324927256,727400,16100.0,1250,0.0015620949052351,2,SIDEWAYS,,,,1723,,,False
2025-10-30 06:38:46.418223,20842.769409520144,20848.15356004682,20830.026076440867,20832.39858435239,650,20832.75418113288,110471,407300,326200,16250,18600,13621.0,733500,6100.0,0.000640567328364,0.0006403622526853,0.0048529000652441,37.00824065119514,20820.508088534647,20795.590370396338,0.0095019593845038,0.8008838693837467,733500,6100.0,-2350,0.0015537105386258,2,SIDEWAYS,,,,1724,,,False
2025-10-30 06:43:46.418223,20854.464044019343,20864.69655724863,20842.770593731984,20852.571468435024,3590,20854.64761973758,102609,397700,314500,18750,19300,-7862.0,712200,-21300.0,0.0009683418834827,0.0009678733429279,0.004866464339322,36.6717929544125,20831.19588183477,20802.71300765117,0.0102818808855744,0.7907970832285642,712200,-21300.0,-550,0.0015559969519303,2,SIDEWAYS,,,,1725,,,False
2025-10-30 06:48:46.418223,20912.25401525831,20926.942959646487,20885.45749707445,20889.490346628834,4860,20896.102429140225,104928,398400,316500,17400,16250,2319.0,714900,2700.0,0.0017704712461814,0.0017689058093992,0.0048441252206069,39.36462854420181,20850.627370099464,20813.56017502338,0.0100699660697538,0.7944277108433735,714900,2700.0,1150,0.001541052193665,2,SIDEWAYS,,,,1726,,,False
2025-10-30 06:53:46.418223,20905.45447737906,20908.44076085201,20894.842650309904,20907.32004526512,4450,20908.77465771114,104244,401800,314500,16050,19950,-684.0,716300,1400.0,0.0008535248270986,0.0008531607819168,0.0048503332459339,37.90647037841414,20869.52492848802,20825.280158803595,0.0108623291250387,0.7827277252364361,716300,1400.0,-3900,0.0015263916811309,2,SIDEWAYS,,,,1727,,,False
2025-10-30 06:58:46.418223,20894.712353183848,20912.973619859487,20893.58420670269,20909.640138583043,3250,20910.67659680725,60447,407000,319200,17500,16350,-43797.0,726200,9900.0,0.0001109703832389,0.0001109642264811,0.004826315079155,36.58382343401297,20882.896665186363,20835.825156276027,0.0114803620971954,0.7842751842751843,726200,9900.0,1150,0.0015259791718544,2,SIDEWAYS,,,,1728,,,False
2025-10-30 07:03:46.418223,20894.312653511846,20900.85711446348,20851.697972935555,20878.912164682108,3870,20876.399197592247,109541,405500,324200,16850,19450,49094.0,729700,3500.0,-0.0014695601501163,-0.0014706410126912,0.0049243358416455,38.10941930640404,20881.56849835161,20841.211032326788,0.0089848040498505,0.7995067817509248,729700,3500.0,-2600,0.0015293132720826,2,SIDEWAYS,,,,1729,,,False
2025-10-30 07:08:46.418223,20885.02156323,20885.85600810847,20876.883950793366,20878.90300718413,2110,20883.23613801696,89247,406000,316800,18950,18400,-20294.0,722800,-6900.0,-4.386003401579686e-07,-4.386004359702156e-07,0.0047930706194596,36.028179164168215,20880.680001295783,20845.92252918396,0.0067414778205359,0.780295566502463,722800,-6900.0,550,0.0015199778502936,2,SIDEWAYS,,,,1730,,,False
2025-10-30 07:13:46.418223,20910.3059120976,20915.891220665035,20909.6818243559,20913.74677380788,4860,20918.96830599252,135591,405500,318700,19800,18100,46344.0,724200,1400.0,0.0016688504473516,0.0016674594637908,0.0048454050455848,36.09675304393512,20891.70225879982,20854.400559761943,0.0074355374791659,0.7859432799013564,724200,1400.0,1700,0.0015011483913259,2,SIDEWAYS,,,,1731,,,False
2025-10-30 07:18:46.418223,20859.87959206236,20889.889053795778,20858.77211060523,20872.946665313342,2410,20879.8046178155,84547,396600,326000,17000,18750,-51044.0,722600,-1600.0,-0.0019508751318361,-0.0019527805673078,0.0048345728201195,37.4451751981291,20885.45039430433,20856.718822955867,0.0075057379626959,0.821986888552698,722600,-1600.0,-1750,0.0015272378199723,2,SIDEWAYS,,,,1732,,,False
2025-10-30 07:23:46.418223,20827.14437071866,20846.80974510683,20815.83637298213,20822.476751321563,2000,20822.29341220053,90567,411500,327900,19450,19300,6020.0,739400,16800.0,-0.0024179582691911,-0.0024208862510644,0.0050480417298062,38.84982642192085,20864.459179976744,20852.438564001583,0.0041206667222459,0.7968408262454435,739400,16800.0,150,0.0015530859174362,2,SIDEWAYS,,,,1733,,,False
2025-10-30 07:28:46.418223,20794.020082782125,20795.72770834972,20786.22162945264,20786.82274915759,4140,20793.292288656,148922,411600,315400,17500,17900,58355.0,727000,-12400.0,-0.0017122844025608,-0.0017137520370749,0.0047603239268835,38.66449038242096,20838.580369703694,20844.23658714608,-0.0010433513272244,0.7662779397473275,727000,-12400.0,-400,0.0015496403915693,2,SIDEWAYS,,,,1734,,,False
2025-10-30 07:33:46.418223,20823.89052951877,20831.15376687135,20791.6593023286,20803.39020952941,4600,20801.05851743622,114468,402900,324300,19600,19000,-34454.0,727200,200.0,0.0007970174457032,0.0007966999959627,0.0047774573743913,39.06924233465953,20826.850316312262,20839.130789944,-0.0006604193393209,0.8049143708116158,727200,200.0,600,0.0015487085934007,2,SIDEWAYS,,,,1735,,,False
2025-10-30 07:38:46.418223,20877.60035324499,20887.40836847558,20876.41063621441,20878.680123207483,1620,20881.483730364576,80331,393900,318300,16650,18500,-34137.0,712200,-15000.0,0.0036191175053565,0.0036125842579117,0.0051232224318808,42.27987923548157,20844.12691861068,20844.07445660193,0.0044565621823433,0.8080731150038081,712200,-15000.0,-1850,0.0016079153872352,2,SIDEWAYS,,,,1736,,,False
2025-10-30 07:43:46.418223,20874.538380246915,20899.07014226218,20866.2568274546,20895.8520775846,3220,20901.921730024023,103528,401700,314800,17050,18050,23197.0,716500,4300.0,0.0008224635980715,0.0008221255602229,0.0050283991594155,41.60369606206,20861.36863826865,20850.546659224765,0.0033173190482422,0.7836694050286284,716500,4300.0,-1000,0.0016059814274956,2,SIDEWAYS,,,,1737,,,False
2025-10-30 07:48:46.418223,20869.46162976109,20885.952510373063,20859.80862076541,20872.355790650923,2250,20874.91028171187,75592,391900,318900,19650,17450,-27936.0,710800,-5700.0,-0.0011244474188675,-0.0011250800841757,0.0050123443058956,41.20653611614087,20865.03102239608,20853.27280065304,0.0034981964751426,0.8137279918346517,710800,-5700.0,2200,0.0016149699713806,2,SIDEWAYS,,,,1738,,,False
2025-10-30 07:53:46.418223,20871.86338896512,20876.581138046466,20866.93266320637,20871.630887060128,1980,20866.025740978424,105151,401400,326600,19050,16800,29559.0,728000,17200.0,-3.473031976197749e-05,-3.4730922873649206e-05,0.0044485153021008,38.95238888213755,20867.230977284096,20855.567561453925,0.0072915344015751,0.8136522172396612,728000,17200.0,2250,0.0015916494608001,2,SIDEWAYS,,,,1739,,,False
2025-10-30 07:58:46.418223,20908.48003718403,20915.56920078985,20907.7078511121,20911.84716296653,2270,20906.979098702253,83912,400000,320800,17500,18650,-21239.0,720800,-7200.0,0.0019268391686313,0.0019249851951972,0.0042907450966601,39.30852637125078,20882.10303917824,20862.602511643,0.0063412956666619,0.802,720800,-7200.0,-1150,0.0016026523176307,2,SIDEWAYS,,,,1740,,,False
2025-10-30 08:03:46.418223,20879.62473484489,20879.92947822889,20867.04818603797,20879.50893640489,4730,20885.068491103342,137296,403200,321200,16050,18350,53384.0,724400,3600.0,-0.0015464069868924,-0.0015476039082873,0.0042782060240177,39.70070141105855,20881.238338253792,20864.71581473824,0.0064303481010397,0.7966269841269841,724400,3600.0,-2300,0.0016023266360039,2,SIDEWAYS,,,,1741,,,False
2025-10-30 08:08:46.418223,20887.300523999205,20894.58992066184,20864.815782622514,20878.80968623734,4310,20886.61617728316,108417,390600,322600,16300,19350,-28879.0,713200,-11200.0,-3.348978032391425e-05,-3.3490341118991296e-05,0.0042454758627506,38.9916611702206,20880.42878758164,20866.477548675623,0.0071228888142407,0.8259088581669227,713200,-11200.0,-3050,0.0016018243207665,2,SIDEWAYS,,,,1742,,,False
2025-10-30 08:13:46.418223,20918.08593070376,20939.59314931569,20914.74085392188,20926.696650714344,2720,20933.01222389675,110551,397400,318000,18650,16400,2134.0,715400,2200.0,0.0022935677462767,0.0022909415346017,0.004338456302859,40.54821844937277,20895.85140862588,20874.004936430465,0.0078288152612273,0.8002013085052844,715400,2200.0,2250,0.0016200620407347,2,SIDEWAYS,,,,1743,,,False
2025-10-30 08:18:46.418223,20934.02407672663,20943.55251723493,20932.513582015945,20936.38712530684,3080,20944.36645691685,118995,400700,316000,17800,16250,8444.0,716700,1300.0,0.0004630675712578,0.0004629603885586,0.0043350010896785,38.85590759731655,20909.3633141862,20881.80271004001,0.0076708312162641,0.7886199151484902,716700,1300.0,1550,0.0016194291783572,2,SIDEWAYS,,,,1744,,,False
2025-10-30 08:23:46.418223,20940.18738326621,20945.16006590274,20920.98831207624,20940.371795664167,3220,20942.79747083572,121232,403700,318900,17600,16250,2237.0,722600,5900.0,0.0001903227301576,0.0001903046210838,0.0043298394667574,37.80703947082967,20919.69947467886,20889.12384574304,0.0072413189962206,0.7899430270002477,722600,5900.0,1350,0.0016185686007632,2,SIDEWAYS,,,,1745,,,False
2025-10-30 08:28:46.418223,20971.863858836645,20993.865666391583,20952.89944508065,20961.63623706834,2380,20970.47224953138,86218,396400,320500,19800,16300,-35014.0,716900,-5700.0,0.0010154758287803,0.0010149605819851,0.0043057801437489,38.92752741772869,20933.678395475352,20898.18789465869,0.0090823329872735,0.808526740665994,716900,-5700.0,3500,0.0016157216521178,2,SIDEWAYS,,,,1746,,,False
2025-10-30 08:33:46.418223,20887.20717518212,20902.26351234169,20880.10668878937,20900.820495296524,3550,20907.107838814693,101899,398300,315700,18900,19150,15681.0,714000,-2900.0,-0.0029012879092076,-0.0029055048032304,0.0046586788467176,41.97052890781733,20922.72576208241,20898.516969738423,0.0052204865316691,0.7926186291739895,714000,-2900.0,-250,0.0016537407329867,2,SIDEWAYS,,,,1747,,,False
2025-10-30 08:38:46.418223,20908.665445540737,20921.79645677285,20900.34410641504,20915.614469202188,4270,20915.78520274544,91090,408000,327000,19950,18150,-10809.0,735000,21000.0,0.0007078178538011,0.0007075674688881,0.0046515984994021,40.5049447256739,20920.355331122337,20900.6541571714,0.0064199388057391,0.8014705882352942,735000,21000.0,1800,0.0016452403785753,2,SIDEWAYS,,,,1748,,,False
2025-10-30 08:43:46.418223,20888.370613631145,20889.48784348489,20880.59223004164,20882.59580594568,1390,20889.99526378164,141881,394600,320700,18900,17650,50791.0,715300,-19700.0,-0.0015786609236428,-0.0015799083217835,0.0047546383841379,40.11332289959358,20907.76882273012,20898.39686326818,0.0041990283137378,0.8127217435377597,715300,-19700.0,1250,0.0016572570930601,2,SIDEWAYS,,,,1749,,,False
2025-10-30 08:48:46.418223,20831.29919757869,20861.973737096712,20829.6268649464,20841.733854214,3920,20847.75326085346,54294,390100,314600,16300,18400,-87587.0,704700,-10600.0,-0.0019567467622988,-0.0019586636922852,0.0048536662701104,41.03158133528539,20885.75716655808,20891.313987136407,0.0009821574663151,0.8064598820815175,704700,-10600.0,-2100,0.0016366359406443,2,SIDEWAYS,,,,1750,,,False
2025-10-30 08:53:46.418223,20847.48731870637,20865.699909478888,20836.51404785337,20842.30076783468,3110,20856.926815430143,88497,400000,314200,16150,16900,34203.0,714200,9500.0,2.7200885715616963e-05,2.720051577931315e-05,0.0048302401507192,40.18545849887354,20871.27170031695,20885.18733472369,0.0017856161598128,0.7855,714200,9500.0,-750,0.0016367574426676,2,SIDEWAYS,,,,1751,,,False
2025-10-30 08:58:46.418223,20890.696503839863,20891.6848536034,20878.059734216524,20882.528205026367,2050,20895.345817017107,98400,390000,328300,17300,17150,9903.0,718300,4100.0,0.0019300862049629,0.0019282259817927,0.004875235727441,40.84250330386238,20875.023868553424,20884.854943511527,0.0021754191024527,0.8417948717948718,718300,4100.0,150,0.0015869960581203,2,SIDEWAYS,,,,1752,,,False
2025-10-30 09:03:46.418223,20886.59871994887,20903.574762914177,20860.677163043536,20878.66491286832,2490,20882.26249339529,102738,406500,328200,19850,17600,4338.0,734700,16400.0,-0.0001850011703619,-0.0001850182851903,0.0048461915070561,40.98929591577514,20876.237549991725,20884.081189681125,0.002862873368973,0.8073800738007381,734700,16400.0,2250,0.0015427823246423,2,SIDEWAYS,,,,1753,,,False
2025-10-30 09:08:46.418223,20916.68269329857,20942.897274393054,20881.03153113007,20898.160253822065,1040,20899.72125902436,102330,390500,317900,19350,18100,-408.0,708400,-26300.0,0.0009337446160999,0.0009333089477774,0.004860140508746,42.64951488784357,20883.545117935173,20885.841072698742,0.0031567017692848,0.8140845070422535,708400,-26300.0,1250,0.0015449684462594,2,SIDEWAYS,,,,1754,,,False
2025-10-30 09:13:46.418223,20967.53885422925,20975.601654656883,20947.380958309983,20972.482395820665,3030,20986.486422292382,99076,406600,320200,18650,17400,-3254.0,726800,18400.0,0.003556396405038,0.0035500873811784,0.0052239612316993,45.13464959834172,20913.190877230336,20896.671238088984,0.005750414406547,0.7875061485489424,726800,18400.0,1250,0.0016040001226936,2,SIDEWAYS,,,,1755,,,False
2025-10-30 09:18:46.418223,21009.1455357892,21010.610900539785,20983.853794524297,20989.91014116613,4910,20997.581152678904,96751,403500,312500,18600,18050,-2325.0,716000,-10800.0,0.0008309815221938,0.0008306364482013,0.0051555556428933,44.63421067839728,20938.76396520893,20908.326100973627,0.0048071921751551,0.7744733581164808,716000,-10800.0,550,0.0015900103868872,2,SIDEWAYS,,,,1756,,,False
2025-10-30 09:23:46.418223,21061.101144832668,21064.10063461045,21046.29142315461,21048.16495494216,2220,21051.27494065669,104825,403800,327100,18950,17550,8074.0,730900,14900.0,0.0027753722328605,0.0027715279984903,0.0053546421359314,46.74537373310624,20975.23096178668,20925.80595771969,0.0067366314464072,0.8100544824170381,730900,14900.0,1400,0.0016228250448406,2,SIDEWAYS,,,,1757,,,False
2025-10-30 09:28:46.418223,21084.770078953232,21085.88961793935,21061.25442114008,21062.888430978204,2490,21054.53239290448,109230,406800,308800,19750,16600,4405.0,715600,-15300.0,0.0006995135237473,0.0006992689781988,0.0053609799927184,46.10103725196954,21004.450118183857,20942.94126687701,0.0073290736416062,0.7590953785644051,715600,-15300.0,3150,0.001620286836894,2,SIDEWAYS,,,,1758,,,False
2025-10-30 09:33:46.418223,21087.36683794546,21120.034326315494,21082.260156855136,21086.459346352705,4520,21085.89739570072,135814,380800,313400,19400,17000,26584.0,694200,-21400.0,0.0011190732672654,0.0011184475715317,0.0052852477973877,46.88995568663524,21031.78652757348,20960.881026811472,0.0099405170170538,0.8230042016806722,694200,-21400.0,2400,0.0016212138140748,2,SIDEWAYS,,,,1759,,,False
2025-10-30 09:38:46.418223,21036.966177655933,21039.68178847928,21034.148273383984,21035.38503443666,1510,21034.385676465823,135637,405100,335100,16400,17700,-177.0,740200,46000.0,-0.0024221378789645,-0.0024250760002324,0.0055122750354857,47.2771783496414,21032.986029861204,20970.19402776462,0.0074947437228232,0.827203159713651,740200,46000.0,-1300,0.0016393457227136,2,SIDEWAYS,,,,1760,,,False
2025-10-30 09:43:46.418223,21029.413291135406,21034.777099146708,21024.386431988765,21025.978176291534,3340,21029.260033168142,106019,396700,315500,18950,19650,-29618.0,712200,-28000.0,-0.0004471921065255,-0.0004472921267346,0.0054608505363812,44.68585149951652,21030.650078671315,20977.167046330487,0.0053663938699022,0.795311318376607,712200,-28000.0,-700,0.0016387420686685,2,SIDEWAYS,,,,1761,,,False
2025-10-30 09:48:46.418223,21003.040664098025,21009.85998195412,20986.01530895895,20992.0920132397,2000,21000.185629793457,90093,396800,316600,18800,17850,-15926.0,713400,1200.0,-0.0016116331315345,-0.0016129332092305,0.0054194985857262,44.34849548759265,21017.79739019411,20979.032667194137,0.0057081230473488,0.797883064516129,713400,1200.0,950,0.0016301049342681,2,SIDEWAYS,,,,1762,,,False
2025-10-30 09:53:46.418223,21071.7574594234,21074.867994031083,21049.968462272554,21059.406946754312,1600,21068.491468796663,91492,401200,321700,18750,17400,1399.0,722900,9500.0,0.0032066805667656,0.0032015501314894,0.0054566925373364,47.09331586643479,21031.667242380845,20989.07945213916,0.0113785789395928,0.8018444666001994,722900,9500.0,1350,0.001672607001621,2,SIDEWAYS,,,,1763,,,False
2025-10-30 09:58:46.418223,21066.409520986686,21073.81077056076,21061.683317486502,21071.300823844023,4650,21084.997394960163,73718,404100,316400,17200,16700,-17774.0,720500,-2400.0,0.0005647773994672,0.0005646179727367,0.0053158051370686,44.758352147864414,21044.878436201907,20999.35712360227,0.01368550057502,0.7829745112595892,720500,-2400.0,500,0.0016201593028231,2,SIDEWAYS,,,,1764,,,False
2025-10-30 10:03:46.418223,21070.513809213404,21074.83872689305,21062.246301016192,21064.713603173528,3150,21074.81242186568,119064,400500,318200,17100,19050,45346.0,718700,-1800.0,-0.000312615757592,-0.0003126646320854,0.0053293137016156,42.46078598564962,21051.490158525783,21007.52668354868,0.0125615772723626,0.7945068664169788,718700,-1800.0,-1950,0.0016213188678161,2,SIDEWAYS,,,,1765,,,False
2025-10-30 10:08:46.418223,21088.162021457065,21110.67937635856,21081.846155505216,21091.49772922776,1400,21087.48738395189,99105,399800,317000,18850,18600,-19959.0,716800,-1900.0,0.0012715162692835,0.0012707085770617,0.0050147047299245,42.71114221417687,21064.826015426443,21018.023064258563,0.0101930584100344,0.7928964482241121,716800,-1900.0,250,0.0016116896172689,2,SIDEWAYS,,,,1766,,,False
2025-10-30 10:13:46.418223,21089.75220620986,21102.16547579708,21071.4228921926,21080.417368494247,2260,21091.147348868773,108745,394700,315600,16950,18200,9640.0,710300,-6500.0,-0.0005253472691112,-0.0005254853123357,0.0050298096002222,41.85624517062725,21070.023133115712,21025.82235228802,0.0088326281323378,0.7995946288320244,710300,-6500.0,-1250,0.0015987598134567,2,SIDEWAYS,,,,1767,,,False
2025-10-30 10:18:46.418223,21143.654178549667,21147.01413534765,21138.42968707656,21145.568342558552,4980,21160.793097031623,106674,399700,318600,17350,16650,-2071.0,718300,8000.0,0.0030905922271575,0.0030858261644457,0.0052007610860433,43.62342529082552,21095.20486959666,21040.79060107184,0.013089684492155,0.7970978233675257,718300,8000.0,700,0.0016288242452732,2,SIDEWAYS,,,,1768,,,False
2025-10-30 10:23:46.418223,21124.127013608944,21162.245410897176,21121.12902926303,21137.8923190061,2800,21152.79754361528,86047,396500,320300,19450,19600,-20627.0,716800,-1500.0,-0.0003630086185484,-0.0003630745221272,0.0052140643392012,43.44435074391991,21109.434019399807,21052.928315813617,0.0127570975831623,0.8078184110970996,716800,-1500.0,-150,0.0015408130553209,2,SIDEWAYS,,,,1769,,,False
2025-10-30 10:28:46.418223,21130.505586615232,21140.51384804278,21120.33650341703,21136.698576475173,780,21133.235137447733,83578,399100,318900,18200,16750,-2469.0,718000,1200.0,-5.6474056774891146e-05,-5.647565149402567e-05,0.0051439251643262,41.78242173547922,21118.5222050916,21063.39959839631,0.010752345871523,0.7990478576797795,718000,1200.0,1450,0.0015050607842311,2,SIDEWAYS,,,,1770,,,False
2025-10-30 10:33:46.418223,21107.19658888771,21135.723255981247,21090.545455418385,21102.844139119174,4920,21105.85490340488,90941,404100,321800,18750,18300,7363.0,725900,7900.0,-0.0016016899343817,-0.0016029740110159,0.0051509151322419,42.09461454414414,21113.296183100792,21068.330165986667,0.0106963819596772,0.7963375402128187,725900,7900.0,450,0.0015043507426511,2,SIDEWAYS,,,,1771,,,False
2025-10-30 10:38:46.418223,21065.65563086461,21070.794495386992,21065.03595454216,21068.364663333683,3500,21078.65217988269,109714,404400,312400,17550,16950,18773.0,716800,-9100.0,-0.0016338781425947,-0.0016352143771811,0.0052711480823845,41.78844097506341,21098.31900984509,21068.334478155044,0.0090788210604406,0.7725024727992087,716800,-9100.0,600,0.001519255951424,2,SIDEWAYS,,,,1772,,,False
2025-10-30 10:43:46.418223,21046.54398661777,21058.153445196287,21041.68675665757,21044.011401526863,2440,21040.907348605622,98384,391600,318900,17300,19500,-11330.0,710500,-6300.0,-0.0011559160948644,-0.0011565846811443,0.0051994827240464,40.70911709656688,21080.216473739016,21065.29409357652,0.0056059851571708,0.8143513789581205,710500,-6300.0,-2200,0.0015201505124217,2,SIDEWAYS,,,,1773,,,False
2025-10-30 10:48:46.418223,21045.58522902869,21060.841471219865,21043.57406835242,21045.668150577992,3560,21038.98668770625,64693,393000,324100,17650,18850,-33691.0,717100,6600.0,7.872781569617793e-05,7.872471682546234e-05,0.0051972214989693,39.03470893734386,21068.700366018675,21062.840850701705,0.0052196696888098,0.8246819338422392,717100,6600.0,-1200,0.0015193625802058,2,SIDEWAYS,,,,1774,,,False
2025-10-30 10:53:46.418223,21032.24753823184,21034.55018987195,21016.734874418275,21028.82337210685,2880,21035.0097723864,79517,398800,320800,18650,17750,14824.0,719600,2500.0,-0.0008003917172227,-0.000800712201693,0.0052267992596693,38.313178024656295,21055.40803471473,21058.58866587735,0.004223973542867,0.8044132397191575,719600,2500.0,900,0.0015240095425508,2,SIDEWAYS,,,,1775,,,False
2025-10-30 10:58:46.418223,21010.62422964761,21019.4678286354,21006.864075799524,21008.89783701833,4060,21008.84158720424,94652,408100,324800,16950,18450,15135.0,732900,13300.0,-0.0009475344737999,-0.0009479836683645,0.0052361813506105,37.14504361627559,21039.9046354826,21052.37731226997,0.0022546713155155,0.7958833619210978,732900,13300.0,-1500,0.0015256353645905,2,SIDEWAYS,,,,1776,,,False
2025-10-30 11:03:46.418223,20966.55919715392,20994.31539853716,20958.753489753424,20968.78263107519,4330,20962.713524762166,99391,406900,331600,17250,16750,4739.0,738500,5600.0,-0.0019094388603505,-0.0019112641626364,0.0050739102297265,38.07356530546336,21016.19730068013,21041.927977120624,0.00325164917779,0.8149422462521504,738500,5600.0,500,0.0015461872396292,2,SIDEWAYS,,,,1777,,,False
2025-10-30 11:08:46.418223,20964.155343697268,20971.32679559013,20947.01728310557,20953.742880652244,3160,20965.66254579556,110309,406200,318900,17150,16050,10918.0,725100,-13400.0,-0.0007172448056502,-0.000717502148765,0.0050823561374114,37.09041867539861,20995.37916067084,21030.90484006208,0.0018229639634159,0.7850812407680945,725100,-13400.0,1100,0.00154807299598,2,SIDEWAYS,,,,1778,,,False
2025-10-30 11:13:46.418223,20917.100086023045,20925.62125245142,20903.650294953324,20906.475466473334,2630,20911.68732113336,100785,412300,315300,18400,17000,-9524.0,727600,2500.0,-0.0022557981382197,-0.0022583462836287,0.0051700349624984,38.019144891364405,20965.744595938337,21015.35116836349,0.0011435197400533,0.7647344166868785,727600,2500.0,1400,0.0015771230934185,2,SIDEWAYS,,,,1779,,,False
2025-10-30 11:18:46.418223,20941.17034577564,20943.014744085373,20924.35343841787,20926.631492699573,1310,20927.5479180163,92745,405600,316000,17400,17500,-8040.0,721600,-6000.0,0.0009641044593367,0.000963640009127,0.0050576623972963,37.9134400856983,20952.70689485875,21004.2612089055,0.0040734441327878,0.7790927021696252,721600,-6000.0,-100,0.0015739812291763,2,SIDEWAYS,,,,1780,,,False
2025-10-30 11:23:46.418223,20943.969521907547,20957.05762145765,20918.58269124238,20927.21150728779,1770,20925.34678339241,92058,398300,316300,17350,16950,-687.0,714600,-7000.0,2.771657676570172e-05,2.7716192668947315e-05,0.0050576586895143,37.95354652352488,20944.2084323351,20994.629996203286,0.0040739619103928,0.7941250313833793,714600,-7000.0,400,0.0015699600778503,2,SIDEWAYS,,,,1781,,,False
2025-10-30 11:28:46.418223,20898.43815388036,20901.20967904816,20878.37203086326,20885.718500350777,3110,20890.98942588104,104029,407600,326000,17100,19650,11971.0,733600,19000.0,-0.001982729850203,-0.0019846980610829,0.0050832516265806,38.73111294502534,20924.71178834033,20981.01605922172,0.0001527734234614,0.7998037291462218,733600,19000.0,-2550,0.0015809875429086,2,SIDEWAYS,,,,1782,,,False
2025-10-30 11:33:46.418223,20888.9563097596,20890.97401844033,20888.143505469885,20890.621812428428,1160,20898.03015252443,108360,409600,319800,19000,16850,4331.0,729400,-4200.0,0.0002347686567532,0.0002347411029042,0.0050836065923687,36.3399990267774,20913.34846303636,20969.71677837256,0.000572685064395,0.78076171875,729400,-4200.0,2150,0.0015766441925285,2,SIDEWAYS,,,,1783,,,False
2025-10-30 11:38:46.418223,20865.610611297663,20868.412795835047,20853.41867034418,20856.296332969225,1110,20862.5069167584,93403,400000,313900,16450,18850,-14957.0,713900,-15500.0,-0.001643104727442,-0.0016444561045201,0.0051398990119578,36.401652102310926,20894.33108634732,20955.53922269714,-0.0020032347510199,0.78475,713900,-15500.0,-2400,0.0015898571697805,2,SIDEWAYS,,,,1784,,,False
2025-10-30 11:43:46.418223,20875.81141665971,20892.811873194885,20872.03577736612,20881.172476007792,1820,20875.833703191736,78446,396100,325900,18650,17100,-14957.0,722000,8100.0,0.001192740198999,0.0011920294495109,0.0047420285493808,36.40978696826447,20889.94488290081,20946.24337936097,-0.0043537964695619,0.822772027265842,722000,8100.0,1550,0.0015923857752271,2,SIDEWAYS,,,,1785,,,False
2025-10-30 11:48:46.418223,20918.037308909432,20930.91911187829,20917.37950078228,20918.4003806552,1860,20925.576555451946,98027,393200,315000,18150,18150,19581.0,708200,-13800.0,0.0017828455126349,0.0017812581299985,0.0048379090128276,37.36241903270978,20899.43004881894,20942.763004522752,-0.0034068635849318,0.801119023397762,708200,-13800.0,0,0.0015926161232073,2,SIDEWAYS,,,,1786,,,False
2025-10-30 11:53:46.418223,20859.491181421246,20865.71664217042,20834.293531075986,20838.960183280844,770,20847.46945701988,87002,407700,315700,17350,19600,-11025.0,723400,15200.0,-0.0037976229505493,-0.0038048522291056,0.0049702753935241,40.7013069288886,20879.27342697291,20929.787651867515,-0.009939335429438,0.7743438803041452,723400,15200.0,-2250,0.0016634213946856,2,SIDEWAYS,,,,1787,,,False
2025-10-30 11:58:46.418223,20863.299202104263,20887.60487696125,20856.433684565312,20870.13167789611,2600,20872.155637779404,105751,402700,322800,19350,18500,18749.0,725500,2100.0,0.0014958277352186,0.0014947100992994,0.0050460018328599,41.26869169685413,20876.226177280645,20922.330655121088,-0.0091514871625392,0.8015892724112242,725500,2100.0,850,0.0016753055168043,2,SIDEWAYS,,,,1788,,,False
2025-10-30 12:03:46.418223,20858.497040205428,20868.09055407352,20854.37452984726,20866.953060780063,2540,20877.63450170471,129614,410700,329300,19450,19550,23863.0,740000,14500.0,-0.0001523046028222,-0.000152316202346,0.0049768183808345,39.446438579139645,20873.13513844712,20915.40845582846,-0.0104098218656424,0.8018018018018018,740000,14500.0,-100,0.0016647228363821,2,SIDEWAYS,,,,1789,,,False
2025-10-30 12:08:46.418223,20879.72113340162,20880.0800068348,20852.723286732285,20869.34534565389,3020,20868.18552723924,72968,402600,321000,16450,19150,-56646.0,723600,-16400.0,0.0001146446664666,0.000114638095269,0.0048288574834684,38.58288725938044,20871.87187418271,20909.65056705664,-0.0078933515365154,0.797317436661699,723600,-16400.0,-2700,0.0016647997993925,2,SIDEWAYS,,,,1790,,,False
2025-10-30 12:13:46.418223,20886.60829544241,20892.67392016701,20871.30665651412,20890.996483525163,870,20903.263163489868,123013,397400,310200,18500,16550,50045.0,707600,-16000.0,0.0010374612865267,0.0010369234954925,0.004883806276754,37.493293491790254,20878.24674396353,20907.318806615203,-0.0064197580552315,0.7805737292400604,707600,-16000.0,1950,0.0016560136098608,2,SIDEWAYS,,,,1791,,,False
2025-10-30 12:18:46.418223,20863.27107560177,20877.48034439124,20845.04012422484,20854.336398150343,920,20859.33507216813,109380,396100,321200,18400,19700,-13633.0,717300,9700.0,-0.0017548270329628,-0.0017563685455765,0.0048982904337318,38.09779819239969,20870.276628692467,20900.696005557096,-0.0065622623511022,0.8109063367836405,717300,9700.0,-1300,0.0016523144780323,2,SIDEWAYS,,,,1792,,,False
2025-10-30 12:23:46.418223,20853.49723528749,20856.98113273273,20852.770446392577,20854.51561975324,1660,20855.582310675924,122056,395600,326600,19550,18250,12676.0,722200,4900.0,8.593972950166062e-06,8.593936023260085e-06,0.0044674083522407,35.67729020295351,20865.02295904606,20894.923457331617,-0.0097292068821838,0.8255813953488372,722200,4900.0,1300,0.0016218408237469,2,SIDEWAYS,,,,1793,,,False
2025-10-30 12:28:46.418223,20828.82049774388,20830.066265585865,20808.87957183926,20815.6514925748,4540,20817.826009035394,91285,407200,325300,16700,19350,-30771.0,732500,10300.0,-0.0018635833067073,-0.0018653219384709,0.0045190889002883,36.38863003945542,20848.56580355564,20885.014461737017,-0.0121325841914767,0.7988703339882122,732500,10300.0,-2650,0.0016247114824822,2,SIDEWAYS,,,,1794,,,False
2025-10-30 12:33:46.418223,20862.67420721792,20874.181895386,20840.56539339251,20843.96970934888,2390,20854.38722244312,71079,389900,318400,19850,19700,-20206.0,708300,-24200.0,0.0013604290398587,0.0013595044946956,0.004630104744885,37.97018523743695,20847.033772153387,20879.8838676885,-0.0104793209147354,0.8166196460630931,708300,-24200.0,150,0.0016308664596414,2,SIDEWAYS,,,,1795,,,False
2025-10-30 12:38:46.418223,20863.549779307235,20872.10960873428,20838.67144229572,20859.556316561306,950,20865.21285887224,103593,398600,324600,19850,18850,32514.0,723200,14900.0,0.0007477753724347,0.0007474959277313,0.0045777466854159,37.64646960894588,20851.207953622696,20877.3429237976,-0.0109969152330533,0.814350225790266,723200,14900.0,1000,0.001564874395535,2,SIDEWAYS,,,,1796,,,False
2025-10-30 12:43:46.418223,20923.34231048094,20925.270491300256,20918.830386972008,20922.04789893263,2150,20930.281147363385,127993,402000,319400,18250,19750,24400.0,721400,-1800.0,0.0029958250991997,0.0029913465575752,0.0049606463217146,39.6513056896605,20874.82126872601,20882.931045689475,-0.0075126344413991,0.7945273631840796,721400,-1800.0,-1500,0.0016089852535795,2,SIDEWAYS,,,,1797,,,False
2025-10-30 12:48:46.418223,20921.647772067925,20926.0416081504,20913.720202977405,20917.48771482997,3540,20928.41502695412,78789,405200,313900,18700,19400,-49204.0,719100,-2300.0,-0.0002179606950852,-0.0002179844519698,0.004553892245189,37.69916993847015,20889.04341742733,20887.25062933204,-0.0107862141151124,0.7746791707798618,719100,-2300.0,-700,0.0016022827764789,2,SIDEWAYS,,,,1798,,,False
2025-10-30 12:53:46.418223,20899.637019663674,20919.54052453066,20881.610754800586,20887.26411522016,2520,20888.145701474787,81793,396400,314700,16300,19550,3004.0,711100,-8000.0,-0.0014448962524493,-0.0014459411216449,0.0045957110810672,37.71564135215624,20888.45031669161,20887.252315068054,-0.0118568209168418,0.7938950554994955,711100,-8000.0,-3250,0.0016136559602283,2,SIDEWAYS,,,,1799,,,False
2025-10-30 12:58:46.418223,20852.44525427688,20867.50501738788,20837.845119052337,20848.27581762672,2820,20853.24165803675,111743,408300,318600,19550,16700,29950.0,726900,15800.0,-0.0018666062428459,-0.0018683505232068,0.0046661073644791,38.55159526756081,20875.058817003315,20882.380252887884,-0.01364559170889,0.7803085966201323,726900,15800.0,2850,0.0016117642933959,2,SIDEWAYS,,,,1800,,,False
2025-10-30 13:03:46.418223,20796.32961328464,20811.89712196081,20787.43818961632,20799.129784503533,2940,20801.88906386557,89755,392700,310800,16250,17450,-21988.0,703500,-23400.0,-0.0023573188283335,-0.002360101678601,0.0047478988010833,40.14345474919208,20849.74913950339,20871.973944339843,-0.0143921052827487,0.7914438502673797,703500,-23400.0,-1200,0.0016278862555817,2,SIDEWAYS,,,,1801,,,False
2025-10-30 13:08:46.418223,20747.17942935741,20753.313104833924,20734.2032270376,20746.71372748187,2580,20757.19325344124,133321,401800,318200,17600,17500,43566.0,720000,16500.0,-0.0025201081759063,-0.0025232889936415,0.0048464127626497,41.91367637181643,20815.40400216289,20856.3164172326,-0.0152670100879541,0.7919362867098059,720000,16500.0,100,0.0016585333545113,2,SIDEWAYS,,,,1802,,,False
2025-10-30 13:13:46.418223,20755.701837904147,20761.31499165244,20746.507365709203,20757.595806392263,2970,20759.36566905512,113041,410200,325800,18050,17500,-20280.0,736000,16000.0,0.0005245206085808,0.0005243830957297,0.0048660659470138,39.97752991263228,20796.13460357268,20843.976340877554,-0.0136103136265084,0.7942467089224768,736000,16000.0,550,0.0016307118862328,2,SIDEWAYS,,,,1803,,,False
2025-10-30 13:18:46.418223,20771.754016342034,20784.1813198218,20735.20413782966,20764.79428228881,3440,20769.24520616941,85615,395900,316500,19600,16900,-27426.0,712400,-23600.0,0.00034678755496,0.0003467274380533,0.0048783772930688,40.62036220402574,20785.68782981139,20834.07858355396,-0.0133459230792569,0.7994443041172014,712400,-23600.0,2700,0.0016300581330267,2,SIDEWAYS,,,,1804,,,False
2025-10-30 13:23:46.418223,20722.753464595964,20750.3779588606,20717.11084117956,20734.894075334323,3760,20753.32153607867,88707,396100,323000,18550,17100,3092.0,719100,6700.0,-0.00143994717925,-0.0014409848994834,0.0049075446761236,41.124867840113154,20768.75657831904,20821.680520026508,-0.0139774485510397,0.8154506437768241,719100,6700.0,1450,0.0016380882375663,2,SIDEWAYS,,,,1805,,,False
2025-10-30 13:28:46.418223,20750.801143389417,20772.83795035322,20717.297323866507,20738.59787388092,4320,20750.74104634544,89497,396600,317700,19900,17800,790.0,714300,-4800.0,0.0001786263548362,0.000178610403049,0.0049126208507406,42.15456488629882,20758.703676839665,20811.295189258308,-0.012865975418336,0.8010590015128594,714300,-4800.0,2100,0.0016314277952603,2,SIDEWAYS,,,,1806,,,False
2025-10-30 13:33:46.418223,20735.97809250988,20748.51022316652,20734.44548870674,20741.033112329464,2070,20738.73980879821,99141,399400,317100,18500,17100,9644.0,716500,2200.0,0.0001174254143581,0.0001174185205332,0.0048427634493065,40.14814842726164,20752.8134886696,20802.512429642204,-0.01086136104097,0.7939409113670506,716500,2200.0,1400,0.0015919781787352,2,SIDEWAYS,,,,1807,,,False
2025-10-30 13:38:46.418223,20740.751846724816,20758.665629045176,20726.0646062449,20753.00850165928,4540,20762.7747187069,106089,392800,317300,16200,19800,6948.0,710100,-6400.0,0.000577376703704,0.0005772100859058,0.0048672018607698,39.60906802533396,20752.87849299949,20796.32443864434,-0.0095798817488743,0.8077902240325866,710100,-6400.0,-3600,0.0015909072464893,2,SIDEWAYS,,,,1808,,,False
2025-10-30 13:43:46.418223,20791.178457672755,20826.615795289345,20784.496418430128,20796.1777806618,500,20804.634146789085,104628,402400,323400,18300,17150,-1461.0,725800,15700.0,0.0020801455846304,0.002077985077399,0.0049144708236839,42.03751271138626,20767.31158888693,20796.30610639652,-0.005275766639308,0.8036779324055666,725800,15700.0,1150,0.0016044361562001,2,SIDEWAYS,,,,1809,,,False
2025-10-30 13:48:46.418223,20819.374991340217,20829.725916833173,20812.49049657573,20817.266777426168,2660,20814.55655870076,77505,390900,312800,16250,17350,-27123.0,703700,-22100.0,0.0010140804231812,0.0010135665909771,0.0049184491981062,41.43112867281381,20783.96331840001,20798.92619027523,-0.0052261022186755,0.8002046559222308,703700,-22100.0,-1100,0.0015909344515531,2,SIDEWAYS,,,,1810,,,False
2025-10-30 13:53:46.418223,20811.198830593632,20820.787080824248,20795.11580054864,20805.70158315377,4650,20809.175787431494,118037,412400,326200,19350,19500,40532.0,738600,34900.0,-0.0005555577682724,-0.0005557121476691,0.0049216264089891,40.30542521587056,20791.209406651265,20799.773114385047,-0.0058063122309298,0.7909796314258002,738600,34900.0,-150,0.0015924230692142,2,SIDEWAYS,,,,1811,,,False
2025-10-30 13:58:46.418223,20783.605084261188,20800.250398394805,20774.666236132816,20794.3719025472,2980,20792.61870995528,94198,395600,325300,18450,19550,-23839.0,720900,-17700.0,-0.0005445469147622,-0.0005446952342804,0.0048126383551647,39.64327677337639,20792.263571949912,20799.097962905314,-0.004373639231135,0.8222952477249748,720900,-17700.0,-1100,0.0015727806629737,2,SIDEWAYS,,,,1812,,,False
2025-10-30 14:03:46.418223,20716.83667677104,20719.35516724152,20693.709866230794,20702.096907210143,4410,20691.37776445265,81449,398100,313600,17100,16400,-12749.0,711700,-9200.0,-0.0044374985582398,-0.0044473734790937,0.0053937976486881,44.00175959787834,20762.208017036657,20786.97283094342,-0.009024379786825,0.7877417734237628,711700,-9200.0,700,0.0016712207430563,2,SIDEWAYS,,,,1813,,,False
2025-10-30 14:08:46.418223,20694.70779935097,20699.57315970219,20672.719511016618,20684.66958030216,1180,20687.90070239223,90739,407400,315100,17450,17700,9290.0,722500,10800.0,-0.0008418145749241,-0.0008421690997906,0.0053458035465652,42.95716221185315,20736.36187145849,20774.184924613262,-0.0082290139115333,0.7734413352970054,722500,10800.0,-250,0.0016675810379317,2,SIDEWAYS,,,,1814,,,False
2025-10-30 14:13:46.418223,20688.36180172249,20694.69587691556,20676.750513701223,20684.249392277707,790,20685.245813820053,120286,414000,308400,18900,17100,29547.0,722400,-100.0,-2.031398291491016e-05,-2.031418924630657e-05,0.0052780969354498,41.17060514060205,20718.9910450649,20762.94298307132,-0.0094306526109272,0.744927536231884,722400,-100.0,1800,0.0015946495737297,2,SIDEWAYS,,,,1815,,,False
2025-10-30 14:18:46.418223,20657.95635968528,20680.854131457603,20642.18594499848,20670.74005834082,1640,20668.047266241523,103806,410300,325300,19150,16100,-16480.0,735600,13200.0,-0.0006531217875341,-0.0006533351644808,0.0051332339998571,41.2343795790752,20702.90738282354,20751.41761748001,-0.0118393528093768,0.7928345113331708,735600,13200.0,3050,0.0015894097299413,2,SIDEWAYS,,,,1816,,,False
2025-10-30 14:23:46.418223,20654.09604893092,20672.288400790738,20634.448238976176,20658.01792754645,570,20662.09012115133,105551,396100,325700,17850,19150,1745.0,721800,-13800.0,-0.0006154656658863,-0.0006156551426279,0.0047269103129346,40.99193545303853,20687.94423106452,20739.742656238315,-0.0086828831257887,0.8222671042665993,721800,-13800.0,-1300,0.0015394451861112,2,SIDEWAYS,,,,1817,,,False
2025-10-30 14:28:46.418223,20656.68371123464,20675.256287793058,20617.106838081072,20646.68540370886,4180,20637.67965531905,76600,403500,321000,16450,17400,-28951.0,724500,2700.0,-0.0005485775003845,-0.0005487280240732,0.0046093889926274,42.21747218582046,20674.19128861263,20728.110499672133,-0.0107065100324167,0.7955390334572491,724500,2700.0,-950,0.0015339736598956,2,SIDEWAYS,,,,1818,,,False
2025-10-30 14:33:46.418223,20649.92421592414,20672.88253495233,20637.40870565109,20646.72030062423,3240,20651.10530232277,102644,400000,305500,19650,16900,26044.0,705500,-19000.0,1.6901945609770763e-06,1.6901931321200436e-06,0.0046125467558438,41.73578340835028,20665.0342926165,20717.936724791147,-0.0105541407753374,0.76375,705500,-19000.0,2750,0.0015228029027453,2,SIDEWAYS,,,,1819,,,False
2025-10-30 14:38:46.418223,20630.00657096297,20635.35045460096,20594.546930918765,20623.66982571327,3640,20627.889829408134,119950,385600,322500,16050,18100,17306.0,708100,2600.0,-0.0011164230723008,-0.0011170467367644,0.004623945849995,42.48132528671569,20651.24613698209,20706.15336240641,-0.0117720760221059,0.8363589211618258,708100,2600.0,-2050,0.0015018291107874,2,SIDEWAYS,,,,1820,,,False
2025-10-30 14:43:46.418223,20635.43260495841,20638.53803443432,20624.45589947056,20628.109203501925,4880,20636.435159429995,63940,396200,333700,16350,16250,-56010.0,729900,21800.0,0.0002152564420478,0.0002152332777036,0.0045616584612672,40.50895981773964,20643.53382582204,20696.39784254335,-0.0125837597182381,0.842251388187784,729900,21800.0,100,0.0015033827295975,2,SIDEWAYS,,,,1821,,,False
2025-10-30 14:48:46.418223,20649.3230870236,20665.952354872355,20643.20608172057,20659.429790404178,4630,20653.625445702783,92221,392200,309700,16700,17250,28281.0,701900,-28000.0,0.0015183450210227,0.0015171935006783,0.0046211585002328,40.31854492864615,20648.83248068275,20691.776836025954,-0.0093460949332078,0.7896481387047425,701900,-28000.0,-550,0.0015119844229319,2,SIDEWAYS,,,,1822,,,False
2025-10-30 14:53:46.418223,20615.782844860267,20628.59973681169,20598.273951462423,20601.64306562436,3840,20618.986090703016,112463,405900,328200,19300,16050,20242.0,734100,32200.0,-0.0027971113126588,-0.0028010305385528,0.004828563881263,41.806923072439645,20633.10267566329,20680.510114725752,-0.0121255539442673,0.8085735402808574,734100,32200.0,3250,0.0014768202718921,2,SIDEWAYS,,,,1823,,,False
2025-10-30 14:58:46.418223,20659.66685692802,20688.98084667314,20653.65426030169,20676.285295190657,850,20691.311592570088,103164,404600,303700,17200,17200,-9299.0,708300,-25800.0,0.0036231202204859,0.0036165725310315,0.0052639553244865,45.05912721360708,20647.49688217241,20679.98201228387,-0.0066952599313961,0.7506178942165102,708300,-25800.0,0,0.0015596618626681,2,SIDEWAYS,,,,1824,,,False
2025-10-30 15:03:46.418223,20656.81845301964,20668.83216245978,20652.696961835594,20665.372748193404,3600,20664.71219132348,79623,388600,315100,19150,17400,-23541.0,703700,-4600.0,-0.00052778082917,-0.0005279201544965,0.0051823325971343,43.52549908085392,20653.45550417941,20678.15585427256,-0.008568279634151,0.8108594956253217,703700,-4600.0,1750,0.001559902992982,2,SIDEWAYS,,,,1825,,,False
2025-10-30 15:08:46.418223,20657.6090961934,20687.415560051915,20643.97427693286,20668.87639317808,930,20682.06151704894,107965,410600,323500,16550,19100,28342.0,734100,30400.0,0.0001695418237728,0.0001695274531812,0.0051539176525437,43.51948365501125,20658.5958005123,20676.99592163575,-0.0091411303524149,0.7878714076960546,734100,30400.0,-2550,0.0015473094529314,2,SIDEWAYS,,,,1826,,,False
2025-10-30 15:13:46.418223,20679.772578419223,20685.632244796023,20672.517733173056,20674.9858365061,2040,20684.436819810948,76651,401600,314800,18400,16450,-31314.0,716400,-17700.0,0.0002955866207627,0.000295542943645,0.0047899782099841,41.60779565236367,20664.059145843567,20676.744660994544,-0.0118086940446748,0.7838645418326693,716400,-17700.0,1950,0.0015492466715225,2,SIDEWAYS,,,,1827,,,False
2025-10-30 15:18:46.418223,20687.21499988059,20693.419316949337,20672.36751081575,20685.664071934178,1260,20687.074264587533,82649,405500,326600,16300,19500,5998.0,732100,15700.0,0.0005164809065658,0.0005163475762088,0.004817394460235,40.1395106867367,20671.260787873773,20677.859587362,-0.0110827670156314,0.8054254007398274,732100,15700.0,-3200,0.0014876935743559,2,SIDEWAYS,,,,1828,,,False
2025-10-30 15:23:46.418223,20717.01993574431,20723.826874801303,20701.5839719785,20702.17461838808,1270,20702.54610024343,84748,403300,309600,19400,18050,2099.0,712900,-19200.0,0.0007981637135983,0.0007978453503341,0.0048189685386801,39.998317271050205,20681.565398045208,20680.89896624026,-0.0088613566530816,0.7676667493181255,712900,-19200.0,1350,0.0014952688254009,2,SIDEWAYS,,,,1829,,,False
2025-10-30 15:28:46.418223,20726.15165348888,20733.382167395728,20719.247554242647,20720.714537181,1500,20721.556474193672,130867,402000,318300,19450,16850,46119.0,720300,7400.0,0.0008955541692925,0.000895153399913,0.0047732120924275,39.37040525223587,20694.61511109048,20685.87591260785,-0.006118552995057,0.7917910447761194,720300,7400.0,2600,0.0015034289652939,2,SIDEWAYS,,,,1830,,,False
2025-10-30 15:33:46.418223,20707.32726389088,20719.20580512089,20702.40659615945,20712.43840013366,4870,20734.14318519177,66605,402600,326300,17200,17350,-64262.0,728900,8600.0,-0.0003994136897398,-0.0003994934766335,0.0046032113325575,37.86594352147262,20700.556207438203,20689.196223548577,-0.0041680293968099,0.8104818678589171,728900,8600.0,-150,0.0014941747477844,2,SIDEWAYS,,,,1831,,,False
2025-10-30 15:38:46.418223,20718.766153171586,20736.199494527948,20706.63882090042,20732.192566919988,4810,20744.79848280764,68082,394100,314900,18100,19950,1477.0,709000,-19900.0,0.0009537344857573,0.0009532799699911,0.0044207277028314,37.27270995761928,20711.1016605988,20694.57076647,-0.0006999258172945,0.7990357777213906,709000,-19900.0,-1850,0.0014926672658366,2,SIDEWAYS,,,,1832,,,False
2025-10-30 15:43:46.418223,20683.458565765108,20690.031159757204,20654.900239908256,20672.00864969204,790,20674.885534517096,105666,399400,315100,18200,17950,37584.0,714500,5500.0,-0.0029029210023823,-0.0029071426496063,0.0047019737117558,40.13125403291302,20698.070656963217,20691.75050187276,-0.0041231729097386,0.7889334001001502,714500,5500.0,250,0.0015270410526044,2,SIDEWAYS,,,,1833,,,False
2025-10-30 15:48:46.418223,20687.03379457686,20689.188581964914,20677.20824826528,20683.25317774159,880,20686.667430184527,102096,394400,326900,17600,16250,-3570.0,721300,6800.0,0.000543949465197,0.0005438015783116,0.0047101435912785,38.491873907195874,20693.13149722268,20690.688336356365,-0.0039268919999255,0.8288539553752535,721300,6800.0,1350,0.001530159078181,2,SIDEWAYS,,,,1834,,,False
2025-10-30 15:53:46.418223,20686.209536427006,20689.9368678108,20681.87145133712,20684.64463274079,2880,20694.040311192115,90601,405000,315800,19200,16200,-11495.0,720800,-500.0,6.727447501808648e-05,6.72722121919378e-05,0.0046471276738252,36.318555519087646,20690.30254239538,20689.932873404417,-0.0024234241279924,0.779753086419753,720800,-500.0,3000,0.001529346958239,2,SIDEWAYS,,,,1835,,,False
2025-10-30 15:58:46.418223,20679.959619478745,20689.37567129405,20663.80535733142,20665.52718730942,620,20674.642612366668,100276,400600,319500,19550,18600,9675.0,720100,-700.0,-0.000924233689812,-0.0009246610571125,0.0046689491840853,35.5508239793405,20682.04409070006,20686.882162642545,-0.0035234149876411,0.7975536694957563,720100,-700.0,950,0.0015291759733313,2,SIDEWAYS,,,,1836,,,False
2025-10-30 16:03:46.418223,20676.17953877747,20695.43723304592,20665.221678771388,20682.292960323823,1710,20680.49230088768,78709,402600,321300,18600,18500,-21567.0,723900,3800.0,0.0008112918128069,0.0008109628934906,0.0046973719111185,35.169733286139845,20682.12704724132,20686.308512352705,-0.0028320745493976,0.7980625931445604,723900,3800.0,100,0.0015201523102994,2,SIDEWAYS,,,,1837,,,False
2025-10-30 16:08:46.418223,20618.10384265974,20628.20735581556,20598.33371304404,20610.640188739264,1930,20616.602055302843,101842,408500,324100,16550,19600,23133.0,732600,8700.0,-0.0034644500840411,-0.0034704651879362,0.0050562009851283,38.65469857139994,20658.2980944073,20676.849971901025,-0.0068601288776338,0.793390452876377,732600,8700.0,-3050,0.0015756705356136,2,SIDEWAYS,,,,1838,,,False
2025-10-30 16:13:46.418223,20601.34633658629,20618.01077196067,20588.90378406209,20599.33368443858,2210,20600.038942620813,104191,395500,319800,19750,17150,2349.0,715300,-17300.0,-0.000548576084835,-0.0005487266077466,0.0048713683198519,37.97271923762709,20638.6432910844,20667.16043596822,-0.0094653978389367,0.8085967130214918,715300,-17300.0,2600,0.0015545157363907,2,SIDEWAYS,,,,1839,,,False
2025-10-30 16:18:46.418223,20604.42167451372,20608.344530487124,20579.830895046955,20599.765596796515,4170,20604.82613386157,124294,394000,320300,19900,18500,20103.0,714300,-1000.0,2.0967297513108107e-05,2.096707770249396e-05,0.00481266994729,37.297070394951525,20625.684059655105,20658.73608107176,-0.0104481142003477,0.8129441624365482,714300,-1000.0,1400,0.0015468206850882,2,SIDEWAYS,,,,1840,,,False
2025-10-30 16:23:46.418223,20609.56898432515,20617.99219899243,20595.77829000484,20601.435021132344,2960,20605.2585663038,138145,386300,322800,19050,16700,13851.0,709100,-5200.0,8.104093845062721e-05,8.103765481060066e-05,0.0048172163299281,36.21970172299733,20617.601046814187,20651.573448579333,-0.0098178165828745,0.83561998446803,709100,-5200.0,2350,0.0015470054853286,2,SIDEWAYS,,,,1841,,,False
2025-10-30 16:28:46.418223,20578.02932530853,20581.33509796213,20564.26804966948,20577.956839349623,2960,20588.354743925785,94647,410700,311600,19000,19450,-43498.0,722300,13200.0,-0.0011396381736824,-0.0011402880550654,0.0048381290466415,36.28736384727367,20604.386310992668,20642.37137242562,-0.0104073863933858,0.7587046505965425,722300,13200.0,-450,0.0015348565500512,2,SIDEWAYS,,,,1842,,,False
2025-10-30 16:33:46.418223,20617.341267903696,20642.11989582561,20613.875660175512,20615.118619772715,4600,20617.58247532985,74533,400600,317300,18350,17750,-20114.0,717900,-4400.0,0.0018059023407042,0.0018042736596033,0.0043446015498948,38.27848474932463,20607.963747252685,20638.96477834401,-0.0042014240309703,0.792061907139291,717900,-4400.0,600,0.0015564366137761,2,SIDEWAYS,,,,1843,,,False
2025-10-30 16:38:46.418223,20590.77723533346,20605.113110384005,20573.1542726093,20586.948813924857,940,20591.796942487177,107699,402800,322600,18800,16350,33166.0,725400,7500.0,-0.0013664634372192,-0.0013673978997523,0.0043833114068478,38.5417606360454,20600.958769476743,20632.462782791616,-0.0047243087929411,0.8008937437934459,725400,7500.0,2450,0.0015525488436448,2,SIDEWAYS,,,,1844,,,False
2025-10-30 16:43:46.418223,20620.948041431493,20627.87970514939,20608.43150264194,20613.43725680607,3020,20605.94576580336,97323,403100,316400,18650,16250,-10376.0,719500,-5900.0,0.001286661909962,0.0012858348698649,0.004459746824325,38.71241282093733,20605.118265253182,20630.084592043426,-0.0034234810327742,0.7849168940709501,719500,-5900.0,2400,0.0015540379430078,2,SIDEWAYS,,,,1845,,,False
2025-10-30 16:48:46.418223,20634.372347760247,20653.15211241525,20619.021801564348,20637.66894327586,4240,20643.800309665832,96438,396500,325200,17700,17000,-885.0,721700,2200.0,0.0011755286693775,0.0011748382765492,0.0045070353670431,38.78401587724022,20615.968491260744,20631.03263594748,-0.0015998999054518,0.8201765447667086,721700,2200.0,700,0.0015427654041085,2,SIDEWAYS,,,,1846,,,False
2025-10-30 16:53:46.418223,20614.58644131757,20646.88555117597,20602.988818239217,20631.630759378662,3400,20630.93843368703,67778,399900,316800,18800,17750,-28660.0,716700,-5000.0,-0.000292580713151,-0.0002926235232383,0.0044972280209754,39.1492099529196,20621.18924730005,20631.10740137637,-0.0012773330074712,0.792198049512378,716700,-5000.0,1050,0.0014695342517905,2,SIDEWAYS,,,,1847,,,False
2025-10-30 16:58:46.418223,20669.762245648264,20688.49184170725,20665.743848432383,20671.207963570258,2560,20665.933901049764,101972,392800,321000,18950,17950,34194.0,713800,-2900.0,0.0019182780388604,0.0019164404931171,0.0046219341094579,40.41434369403884,20637.862152723457,20636.11997165061,0.0011877238104762,0.8172097759674134,713800,-2900.0,1000,0.0014785959197338,2,SIDEWAYS,,,,1848,,,False
2025-10-30 17:03:46.418223,20632.9934013447,20650.88081778784,20620.883141046856,20643.269851622303,4610,20654.39108850064,108457,399200,330000,17500,17250,6485.0,729200,15400.0,-0.0013515471373125,-0.001352461300927,0.0046897069229244,41.12223503899335,20639.664719023072,20637.01370664707,-0.0001671185036503,0.8266533066132264,729200,15400.0,250,0.0014865915869268,2,SIDEWAYS,,,,1849,,,False
2025-10-30 17:08:46.418223,20661.666989623016,20670.284814399165,20635.81838855683,20647.304838393426,560,20651.17557190221,119868,405800,322800,19400,19100,11411.0,728600,-600.0,0.0001954625793358,0.000195443479015,0.0046445527190497,40.64682009637499,20642.21142547985,20638.300098115367,0.0011460139189527,0.795465746673238,728600,-600.0,300,0.0014868992570368,2,SIDEWAYS,,,,1850,,,False
2025-10-30 17:13:46.418223,20692.90774874388,20717.9874730738,20692.17190593527,20694.54002019868,4950,20685.78317244321,89890,395100,323500,16200,16900,-29978.0,718600,-10000.0,0.002287716589403,0.0022851037500046,0.0048179188478796,42.79223542380333,20659.654290386134,20645.33008837578,0.0032204026089546,0.8187800556821058,718600,-10000.0,-700,0.0015126968767935,2,SIDEWAYS,,,,1851,,,False
2025-10-30 17:18:46.418223,20672.309313645623,20675.935011428963,20660.08251031937,20660.96674498524,2910,20660.24181222736,83492,408500,320300,19200,19150,-6398.0,728800,10200.0,-0.001622325269403,-0.0016236426640645,0.004841566613462,42.19689788491097,20660.091775252506,20647.28467045196,7.439482099225181e-05,0.7840881272949817,728800,10200.0,50,0.0015104144202175,2,SIDEWAYS,,,,1852,,,False
2025-10-30 17:23:46.418223,20715.73980462621,20718.09849477089,20697.56078663502,20700.442008371352,1590,20704.613158312684,89730,411300,324300,19150,17700,6238.0,735600,6800.0,0.0019106203438274,0.0019087974303388,0.0046658149716082,43.26367302067809,20673.54185295879,20653.929337691887,0.004795682676002,0.788475565280817,735600,6800.0,1450,0.0015336511227268,2,SIDEWAYS,,,,1853,,,False
2025-10-30 17:28:46.418223,20708.178494507883,20715.58677388763,20692.523799748447,20700.522976968183,1630,20704.87887917381,118673,393500,323100,19100,17600,28943.0,716600,-19000.0,3.911442895576656e-06,3.91143524680615e-06,0.0041963539348664,41.8207659577141,20682.53556096192,20659.753542601426,0.0011722454701843,0.8210927573062262,716600,-19000.0,1500,0.0015165608717769,2,SIDEWAYS,,,,1854,,,False
2025-10-30 17:33:46.418223,20717.355087751734,20744.202827779354,20709.24258700896,20729.701588621683,3560,20730.74176966795,127722,404700,328900,16900,19850,9049.0,733600,17000.0,0.0014095591539384,0.0014085666579788,0.0042532741952647,41.95355773296105,20698.25757018184,20668.497048353955,0.0031128807213942,0.8127007659995058,733600,17000.0,-2950,0.0015173700125321,2,SIDEWAYS,,,,1855,,,False
2025-10-30 17:38:46.418223,20725.65369287221,20751.26049468836,20722.1815826392,20735.498542406083,3510,20718.71131552243,122419,407900,317900,16200,17000,-5303.0,725800,-7800.0,0.0002796448255473,0.0002796057322225,0.0042543116894559,41.03394018411792,20710.671227589923,20676.87223511047,0.0032233077386827,0.7793576857072811,725800,-7800.0,-800,0.0015141834438517,2,SIDEWAYS,,,,1856,,,False
2025-10-30 17:43:46.418223,20721.68587457121,20728.876529060868,20715.834183352214,20724.20360832944,3250,20724.917067079576,112953,403600,324600,18950,18000,-9466.0,728200,2400.0,-0.0005447148547474,-0.000544863265782,0.004268774925336,39.50754153195733,20715.182021169763,20682.78865676284,0.002380546821775,0.8042616451932606,728200,2400.0,950,0.0014596814483742,2,SIDEWAYS,,,,1857,,,False
2025-10-30 17:48:46.418223,20747.11064784187,20757.554017932,20729.01265592988,20731.211093788846,1450,20742.018481328403,99356,404600,329500,16800,16600,-13597.0,734100,5900.0,0.0003381305063316,0.0003380733530953,0.0042638399191376,39.06774639414329,20720.525045376125,20688.841461391094,0.0022018641362577,0.8143845773603559,734100,5900.0,200,0.0014610610095015,2,SIDEWAYS,,,,1858,,,False
2025-10-30 17:53:46.418223,20772.026966076595,20788.34497557921,20764.35761750485,20769.98839258482,3430,20782.88070528826,102474,394100,325100,16100,17650,3118.0,719200,-14900.0,0.0018704791833212,0.0018687320154882,0.0043675677117472,40.35818463673044,20737.012827779025,20698.984827790307,0.0032756836152134,0.8249175336209084,719200,-14900.0,-1550,0.0014738045985651,2,SIDEWAYS,,,,1859,,,False
2025-10-30 17:58:46.418223,20717.82469702181,20732.154980612533,20714.32465076116,20720.949980969566,2380,20721.317834005666,105390,391200,325000,19550,18200,2916.0,716200,-3000.0,-0.002361022581638,-0.0023638141903532,0.0045614049177804,41.45143872151116,20731.658545509206,20701.73047193772,1.1362725360841708e-05,0.8307770961145194,716200,-3000.0,1350,0.0014852592166839,2,SIDEWAYS,,,,1860,,,False
2025-10-30 18:03:46.418223,20758.606599889423,20760.818236015137,20758.583437206147,20760.428543656348,4090,20776.310276327364,94957,408200,322300,18350,19900,-10433.0,730500,14300.0,0.0019052486842079,0.0019034359999778,0.00468101838905,41.33835417322969,20741.24854489159,20709.067730902545,0.0023169721785329,0.7895639392454679,730500,14300.0,-1550,0.0014773679064787,2,SIDEWAYS,,,,1861,,,False
2025-10-30 18:08:46.418223,20707.111636693266,20718.41570421414,20685.1808989698,20688.021816909182,3370,20682.12359309273,117783,404700,316400,17650,16800,22826.0,721100,-9400.0,-0.0034877279433275,-0.0034938242453872,0.0050718089763646,43.7604463527524,20723.506302230788,20706.436991653376,-0.0021305392504064,0.7818136891524586,721100,-9400.0,850,0.0015100690807918,2,SIDEWAYS,,,,1862,,,False
2025-10-30 18:13:46.418223,20739.415453459973,20740.14361808537,20725.44400556969,20730.183117592114,2030,20729.29152370197,66944,396300,326300,19950,16650,-50839.0,722600,1500.0,0.002037957087249,0.0020358832697944,0.0049230394891616,44.35768598299783,20725.73190735124,20709.40525739572,0.0028141661938081,0.823366136765077,722600,1500.0,3300,0.0015322118170291,2,SIDEWAYS,,,,1863,,,False
2025-10-30 18:18:46.418223,20774.703643984783,20800.903432106574,20766.8802283528,20774.038045704605,1070,20783.74884563125,70645,409300,314900,19500,18000,3701.0,724200,1600.0,0.0021155108888195,0.0021132763465701,0.0050510570576791,46.24073087810224,20741.833953469024,20717.484355934328,0.0043892934628249,0.7693623259223064,724200,1600.0,1500,0.0015562026302889,2,SIDEWAYS,,,,1864,,,False
2025-10-30 18:23:46.418223,20740.94209778132,20748.08008306102,20736.0919310994,20746.50368713225,4720,20755.221711574828,66909,394500,324700,16900,16750,-3736.0,719200,-5000.0,-0.0013254215916893,-0.0013263007398016,0.0051204301567142,45.64825828718103,20743.390531356767,20721.111772334072,0.0029905785421882,0.8230671736375158,719200,-5000.0,150,0.0015544629380892,2,SIDEWAYS,,,,1865,,,False
2025-10-30 18:28:46.418223,20728.37230458716,20739.35983247208,20692.042778783765,20705.61122703505,4530,20709.69259861056,83956,391900,322100,17550,19600,17047.0,714000,-5200.0,-0.0019710530850827,-0.0019729981665399,0.0052248472884345,46.27773329155999,20730.797429916194,20719.174204171693,0.001939657254437,0.8218933401377903,714000,-5200.0,-2050,0.0015751715272563,2,SIDEWAYS,,,,1866,,,False
2025-10-30 18:33:46.418223,20694.2285529625,20703.47624515611,20680.43449400171,20692.55103766125,3870,20689.74227747357,126923,384700,319300,16600,18950,42967.0,704000,-10000.0,-0.0006307560414707,-0.0006309550517524,0.0052202531638108,44.77051898740133,20718.04863249788,20715.84630835789,0.0004959835622242,0.8299974005718742,704000,-10000.0,-2350,0.0015769742950396,2,SIDEWAYS,,,,1867,,,False
2025-10-30 18:38:46.418223,20687.765067454933,20693.25809822468,20674.76730322396,20689.244747127155,990,20686.419849916467,76220,408300,313600,19000,16400,-50703.0,721900,17900.0,-0.0001597816783478,-0.0001597944447997,0.0048006779512371,42.89339584549513,20708.447337374306,20712.52111320405,0.0038137853879394,0.7680626989958363,721900,17900.0,2600,0.0015749621760843,2,SIDEWAYS,,,,1868,,,False
2025-10-30 18:43:46.418223,20678.41524720868,20689.021416426207,20665.0859091912,20687.19956195745,2560,20686.833292805808,76957,402500,312200,17300,18250,737.0,714700,-7200.0,-9.885257749620012e-05,-9.88574637350581e-05,0.0047862066680449,41.55521313767093,20701.364745568688,20709.35591929822,0.0042654718285983,0.7756521739130435,714700,-7200.0,-950,0.0015499553317738,2,SIDEWAYS,,,,1869,,,False
2025-10-30 18:48:46.418223,20702.819637265817,20740.016144244863,20699.52624822829,20709.991690066207,1010,20707.43395621152,83492,405800,321100,17950,17600,6535.0,726900,12200.0,0.0011017502896171,0.0011011438081869,0.0048165802725437,42.35959664836663,20704.24039373453,20709.43539064422,0.0053508421128263,0.791276490882208,726900,12200.0,350,0.0015510507146307,2,SIDEWAYS,,,,1870,,,False
2025-10-30 18:53:46.418223,20743.757716441803,20767.14013961033,20737.52698638257,20749.80007558676,3910,20754.76365487508,122150,401200,319800,16750,18050,38658.0,721000,-5900.0,0.0019221825926492,0.0019203375636323,0.0049173287658511,43.41594328377772,20719.42695435194,20714.48097626204,0.0072016854312444,0.7971086739780658,721000,-5900.0,-1300,0.0015711534034263,2,SIDEWAYS,,,,1871,,,False
2025-10-30 18:58:46.418223,20787.438670146665,20796.80731597898,20769.70913251576,20779.12431303525,4200,20782.704967466136,128705,412700,314400,19200,19600,6555.0,727100,6100.0,0.0014132298789224,0.0014122322094252,0.0048917980932166,43.67246450580909,20739.32607391305,20722.56139335869,0.0097758720778804,0.7618124545674825,727100,6100.0,-400,0.0015808828229039,2,SIDEWAYS,,,,1872,,,False
2025-10-30 19:03:46.418223,20770.12470891968,20775.37680292076,20748.836924140745,20750.309987753204,1990,20747.230464351,120301,406900,324000,18250,18000,-8404.0,730900,3800.0,-0.0013866958418439,-0.0013876581942859,0.0049055634421289,42.716387676430095,20742.98737852643,20726.029967658003,0.0065578748526249,0.7962644384369624,730900,3800.0,250,0.0014816246549427,2,SIDEWAYS,,,,1873,,,False
2025-10-30 19:08:46.418223,20763.815022145973,20764.71514532257,20756.477979801544,20759.734384775187,1020,20761.676149433075,121540,411300,317400,16350,16900,1239.0,728700,-2200.0,0.0004541810232012,0.0004540779142185,0.0048166735338181,40.69415695449698,20748.569713942685,20730.243019797654,0.0083929664571498,0.7716994894237783,728700,-2200.0,-550,0.0014780077553327,2,SIDEWAYS,,,,1874,,,False
2025-10-30 19:13:46.418223,20711.656382547084,20735.059318987216,20696.28207039002,20722.029109639858,2620,20709.703005494845,133038,398100,318200,18600,17200,11498.0,716300,-12400.0,-0.0018162696321867,-0.0018179210497901,0.0049224055755765,42.319739628116174,20739.722845841745,20729.21628102793,0.0052680128733955,0.7992966591308717,716300,-12400.0,1400,0.0014977584020987,2,SIDEWAYS,,,,1875,,,False
2025-10-30 19:18:46.418223,20686.84202001551,20705.458042541035,20680.550456627447,20701.255106852,1150,20707.50204477736,64070,407400,325800,17350,17050,-68968.0,733200,16900.0,-0.0010025081365316,-0.0010030109839149,0.004930280193035,42.25966201270867,20726.90026617849,20725.72113425593,0.0030810729521297,0.7997054491899853,733200,16900.0,300,0.0015011405263843,2,SIDEWAYS,,,,1876,,,False
2025-10-30 19:23:46.418223,20717.010464953964,20726.805020391766,20703.06859013269,20724.370691548047,2810,20732.97167182225,75502,405400,319700,17200,17200,11432.0,725100,-8100.0,0.0011166272081928,0.0011160042437357,0.004957671970144,41.06610855035586,20726.057074635017,20725.552328917445,0.0044950364443308,0.7886038480513073,725100,-8100.0,0,0.0015052634087889,2,SIDEWAYS,,,,1877,,,False
2025-10-30 19:28:46.418223,20767.484090156024,20781.22227646209,20765.670590939364,20771.942254509417,4220,20770.414622851,85985,402200,314700,18900,16550,10483.0,716900,-8200.0,0.002295440651463,0.0022928101522374,0.0050072157467222,42.19364257633346,20741.35213459315,20731.351069616445,0.0048731690531431,0.7824465440079562,716900,-8200.0,2350,0.0015304857910192,2,SIDEWAYS,,,,1878,,,False
2025-10-30 19:33:46.418223,20729.27547598378,20741.48130660152,20715.177826044983,20733.21030341028,3480,20732.465715919192,102074,396700,311800,16800,18650,16089.0,708500,-8400.0,-0.0018646282867808,-0.0018663688701341,0.0050677408870772,43.23441299691206,20738.63819086553,20731.58347384068,0.0043568897967445,0.7859843710612554,708500,-8400.0,-1850,0.0015513941813903,2,SIDEWAYS,,,,1879,,,False
2025-10-30 19:38:46.418223,20711.068736751527,20730.46922256176,20703.34599867921,20705.309829956543,3870,20711.052791788883,102009,390900,316800,19000,19700,-65.0,707700,-800.0,-0.0013456899845919,-0.0013465962384753,0.0051383978999986,42.27940526363755,20727.528737229204,20728.29926835516,0.0028093250919247,0.8104374520337683,707700,-800.0,-700,0.0015546499219081,2,SIDEWAYS,,,,1880,,,False
2025-10-30 19:43:46.418223,20710.45551934608,20717.143861755823,20700.31164617566,20709.10871538384,2000,20713.91074023556,102321,403700,321600,18150,16150,312.0,725300,17600.0,0.00018347397158,0.0001834571422882,0.004973919725364,40.46174885767498,20721.38872994741,20725.90044923374,0.0007039873885064,0.7966311617537776,725300,17600.0,2000,0.0015546035811563,2,SIDEWAYS,,,,1881,,,False
2025-10-30 19:48:46.418223,20719.36793883819,20748.054229752524,20696.38425512689,20736.658971648736,2540,20745.615870951504,116684,393900,318600,19800,16200,14363.0,712500,-12800.0,0.0013303448566295,0.0013294607319522,0.0049298124118826,41.26233641252924,20726.478810514524,20727.245264535617,0.0036635375100184,0.8088347296268088,712500,-12800.0,3600,0.001551818352012,2,SIDEWAYS,,,,1882,,,False
2025-10-30 19:53:46.418223,20694.428444341,20707.38609165819,20659.65977788782,20684.67559473825,3690,20683.99291975231,61643,407900,318800,19150,16100,-55041.0,726700,14200.0,-0.0025068347307807,-0.0025099821020244,0.0050339420220841,43.814969080271126,20712.544405255765,20721.924055810945,-0.0007616462308739,0.7815641088502084,726700,14200.0,3050,0.0015431472293207,2,SIDEWAYS,,,,1883,,,False
2025-10-30 19:58:46.418223,20707.803260249108,20726.193949004795,20692.319432685905,20724.522521002527,3040,20724.56050488292,97193,408700,313500,18200,16450,35550.0,722200,-4500.0,0.0019263984142159,0.0019245452883147,0.0051554362974413,43.65092516500488,20716.537110504687,20722.24886395989,0.0011593689715494,0.7670663078052361,722200,-4500.0,1750,0.0014917872406778,2,SIDEWAYS,,,,1884,,,False
2025-10-30 20:03:46.418223,20693.29716355022,20699.961685819337,20687.02080550592,20689.965251402256,1860,20692.73337126641,105312,397500,317300,17750,16000,8119.0,714800,-7400.0,-0.0016674579385483,-0.0016688496938819,0.005178981990329,43.21169590297654,20707.67982413721,20718.21341239019,-0.0019168793650766,0.7982389937106918,714800,-7400.0,1750,0.0015063346879395,2,SIDEWAYS,,,,1885,,,False
2025-10-30 20:08:46.418223,20693.055500229024,20707.61798204583,20672.65122638916,20706.76912032667,4180,20704.287690744623,93489,404600,316600,18400,19100,-11823.0,721200,6400.0,0.0008121748258265,0.0008118451903218,0.0051997201572684,42.622771599669,20707.376256200365,20716.78287588225,-0.0013855187528122,0.782501235788433,721200,6400.0,-700,0.0015096953334889,2,SIDEWAYS,,,,1886,,,False
2025-10-30 20:13:46.418223,20710.22598602079,20728.372048847337,20692.6777892977,20695.65825763718,1840,20698.291910196884,103782,397500,316200,19050,19550,10293.0,713700,-7500.0,-0.0005365811839077,-0.0005367251951078,0.0051994595754289,42.127877881809546,20703.470256679306,20714.14229860161,-0.0013773919245219,0.7954716981132075,713700,-7500.0,-500,0.0015110419447943,2,SIDEWAYS,,,,1887,,,False
2025-10-30 20:18:46.418223,20710.63260226096,20725.615559440776,20695.680296505725,20716.69982558618,4740,20714.318814929906,120444,384700,309200,17500,16600,16662.0,693900,-19800.0,0.001016714118829,0.0010161976150904,0.0052306078846986,41.25855101907996,20707.8801129816,20714.461989474683,-0.0006999720439397,0.8037431765011698,693900,-19800.0,900,0.0015152157373083,2,SIDEWAYS,,,,1888,,,False
2025-10-30 20:23:46.418223,20697.28726833169,20704.24558597004,20685.06076193372,20689.66269675448,1030,20696.392445379926,101244,384100,322600,17500,18000,-19200.0,706700,12800.0,-0.0013050886028821,-0.0013059409727063,0.0051570372455286,40.57144477860732,20701.80764090589,20711.362077884656,-0.0038673924275769,0.8398854464983078,706700,12800.0,-500,0.0015213572191874,2,SIDEWAYS,,,,1889,,,False
2025-10-30 20:28:46.418223,20694.09154954479,20695.815944915645,20675.19223924102,20679.44771512642,1140,20677.7811214901,142755,394300,314800,16350,18400,41511.0,709100,2400.0,-0.000493723932467,-0.00049384585426,0.004991992765572,39.146606271180005,20694.35433231273,20707.372782539875,-0.0020029132776858,0.7983768704032462,709100,2400.0,-2050,0.0015179132487312,2,SIDEWAYS,,,,1890,,,False
2025-10-30 20:33:46.418223,20691.55575908589,20706.036258038865,20681.8162110043,20693.8166637478,510,20699.525421917933,119017,407900,320500,18600,17850,-23738.0,728400,19300.0,0.000694841990914,0.000694600699985,0.004877733405938,38.24960174555618,20694.17510945776,20705.678267690862,-0.0032085985011568,0.7857317970090708,728400,19300.0,750,0.0015200089558036,2,SIDEWAYS,,,,1891,,,False
2025-10-30 20:38:46.418223,20680.281591442083,20694.89169233277,20668.69063459055,20690.71967186548,1810,20703.899347273888,105322,395100,318100,19400,19450,-13695.0,713200,-15200.0,-0.0001496578389885,-0.0001496690388407,0.0044505511063398,37.38899145960351,20693.023296927,20703.808443212693,0.0001304066179053,0.8051126297139964,713200,-15200.0,-50,0.0015147608229642,2,SIDEWAYS,,,,1892,,,False
2025-10-30 20:43:46.418223,20672.46190985383,20682.4539638607,20655.40531156879,20663.72840000114,3830,20670.51575810567,110074,399100,325300,16600,18450,4752.0,724400,11200.0,-0.0013045110219651,-0.0013053626371775,0.0043440186414339,37.240803519395286,20683.258331285047,20698.798437811245,-0.003205698532136,0.8150839388624405,724400,11200.0,-1850,0.0014768964624922,2,SIDEWAYS,,,,1893,,,False
2025-10-30 20:48:46.418223,20722.30057452405,20730.54871469328,20696.665970637827,20706.76904487474,810,20712.00300826417,114866,417000,324200,18850,18100,4792.0,741200,16800.0,0.0020829079844855,0.0020807417391885,0.004338458377893,39.35362574601994,20691.095235814948,20699.79476369418,-0.003238128315827,0.7774580335731415,741200,16800.0,750,0.001499757538515,2,SIDEWAYS,,,,1894,,,False
2025-10-30 20:53:46.418223,20739.95062200257,20741.01787280137,20738.906344113777,20738.998194063974,4050,20734.66183540236,133708,392500,316800,16150,16350,18842.0,709300,-31900.0,0.0015564547573494,0.0015552447370428,0.0043773029229206,38.98899733034916,20707.062888564626,20704.69519249041,-0.0003617714667234,0.8071337579617834,709300,-31900.0,-200,0.0015128158033807,2,SIDEWAYS,,,,1895,,,False
2025-10-30 20:58:46.418223,20730.967596656006,20754.953782930745,20715.38933684187,20730.061287172164,4350,20742.8457307282,123485,402800,317700,16350,19950,-10223.0,720500,11200.0,-0.0004309227865387,-0.0004310156604461,0.0042307312491861,39.03010081310109,20714.729021433806,20707.865954325625,0.0011808422301096,0.7887288977159881,720500,11200.0,-3600,0.001508796919639,2,SIDEWAYS,,,,1896,,,False
2025-10-30 21:03:46.418223,20752.85926564389,20775.917978253787,20742.7124428214,20758.5488656755,4090,20769.64884509392,110284,400300,323000,16150,19400,-13201.0,723300,2800.0,0.0013742158360605,0.0013732724656438,0.0042780431993316,39.51771440370977,20729.33563618104,20714.20131824436,0.0031894486037091,0.8068948288783413,723300,2800.0,-3250,0.0015153235702712,2,SIDEWAYS,,,,1897,,,False
2025-10-30 21:08:46.418223,20742.67772929308,20757.10997675824,20739.87361589333,20752.52629637673,2920,20755.70343385645,85426,393000,327500,17700,18550,-24858.0,720500,-2800.0,-0.0002901247740263,-0.0002901668683605,0.0042814156195829,38.02896693074257,20737.06585624627,20718.991940510903,0.0030586688892237,0.8333333333333334,720500,-2800.0,-850,0.0014436152888689,2,SIDEWAYS,,,,1898,,,False
2025-10-30 21:13:46.418223,20779.41827555511,20792.16680812044,20764.361986610213,20778.80096910332,2410,20780.56228205285,108298,404700,316500,16650,19550,22872.0,721200,700.0,0.0012660951419285,0.0012652943193476,0.0043303204625836,38.14407727452595,20750.977560531952,20726.46806908496,0.0044279268864557,0.782060785767235,721200,700.0,-2900,0.0014484806009993,2,SIDEWAYS,,,,1899,,,False
2025-10-30 21:18:46.418223,20791.15080530347,20826.886361524856,20777.09557812713,20810.439829922285,1910,20809.52013237872,111578,395100,323500,16500,17150,3280.0,718600,-2600.0,0.0015226509395807,0.0015214928820341,0.0043679555777538,38.97598485475453,20770.7983169954,20736.964539189623,0.0048502259855691,0.8187800556821058,718600,-2600.0,-650,0.0014592240916467,2,SIDEWAYS,,,,1900,,,False
2025-10-30 21:23:46.418223,20788.01255109568,20803.280716877,20766.191296152647,20790.343248437577,1970,20805.661845345472,115557,395400,328700,18400,16500,3979.0,724100,5500.0,-0.0009656971043837,-0.0009661636902436,0.0042862582086719,39.35259549153192,20777.3132941428,20743.636877845616,0.00195390667395,0.8313100657561963,724100,5500.0,1900,0.0014665453962979,2,SIDEWAYS,,,,1901,,,False
2025-10-30 21:28:46.418223,20802.18597841175,20825.39600609066,20798.15381279663,20798.582764108847,1380,20807.634086284084,85322,398000,322000,16650,17850,-30235.0,720000,-4100.0,0.0003963145568501,0.0003962360449794,0.0042174122927484,39.045464217357065,20784.40311746481,20750.50511362852,0.0009364423052895,0.8090452261306532,720000,-4100.0,-1200,0.0014569788773501,2,SIDEWAYS,,,,1902,,,False
2025-10-30 21:33:46.418223,20753.43472871577,20767.14111008222,20714.32541299296,20736.711949716733,980,20736.14122693372,114761,400200,303600,17800,17500,29439.0,703800,-16200.0,-0.0029747610735708,-0.0029791944696722,0.0044867063397154,42.27488471010928,20768.50606154879,20748.780968139545,-0.0006553173443912,0.7586206896551724,703800,-16200.0,300,0.0014967972801768,2,SIDEWAYS,,,,1903,,,False
2025-10-30 21:38:46.418223,20718.595096503115,20726.58627722578,20714.92829616629,20715.87412837828,1850,20726.849002717656,116010,407100,317200,17250,16550,1249.0,724300,20500.0,-0.0010048758640704,-0.0010053810903105,0.0045117575576523,40.81122534156168,20750.96208382529,20744.66761316939,-0.0021127561453326,0.7791697371653157,724300,20500.0,700,0.0014915103656053,2,SIDEWAYS,,,,1904,,,False
2025-10-30 21:43:46.418223,20681.7304449213,20681.74192270972,20674.31833134217,20678.25191285621,2400,20690.694939334884,75802,401500,318800,16100,16250,-40208.0,720300,-4000.0,-0.0018161056245525,-0.0018177567437458,0.0045117361423409,40.86440903402952,20726.72536016893,20736.365650630243,-0.002112592186413,0.7940224159402242,720300,-4000.0,-150,0.001503598900635,2,SIDEWAYS,,,,1905,,,False
2025-10-30 21:48:46.418223,20686.372248882955,20712.28689700692,20679.85129974759,20696.30486012709,4790,20700.312412040355,75971,410000,327400,16100,16100,169.0,737400,17100.0,0.0008730403008416,0.0008726594228232,0.0045081050197558,40.37659297093517,20716.58519348832,20731.35805181735,-0.0002391278547777,0.7985365853658537,737400,17100.0,0,0.0015002777076405,2,SIDEWAYS,,,,1906,,,False
2025-10-30 21:53:46.418223,20740.408741726555,20750.31728089354,20723.43186258373,20745.204791426306,1980,20747.210765473206,122360,397200,321500,16450,17150,46389.0,718700,-18700.0,0.0023627372919803,0.0023599504171301,0.0046655648677836,41.35058067061495,20726.12505946765,20733.088894268472,0.001005294693303,0.8094159113796576,718700,-18700.0,-700,0.0015289010462213,2,SIDEWAYS,,,,1907,,,False
2025-10-30 21:58:46.418223,20810.15025530113,20818.82395927412,20789.7661620294,20797.87883098732,1360,20795.842197957165,82896,407900,310200,17950,19050,-39464.0,718100,-600.0,0.00253909470119,0.0025358766463856,0.0047070530464908,43.65547975470056,20750.04298330754,20741.18763635833,0.0012486351136602,0.7604805099289041,718100,-600.0,-1100,0.0015434549929046,2,SIDEWAYS,,,,1908,,,False
2025-10-30 22:03:46.418223,20830.28500009256,20838.34041200664,20822.62706545326,20832.07905407329,4650,20840.66663202912,130754,406000,321100,17350,19450,47858.0,727100,9000.0,0.0016444091901821,0.0016430586297708,0.0046536210570094,43.42734413074486,20777.38834022946,20752.5490635727,0.0047686175568646,0.7908866995073892,727100,9000.0,-2100,0.0015440639569889,2,SIDEWAYS,,,,1909,,,False
2025-10-30 22:08:46.418223,20846.148440061574,20865.30437409981,20840.320233907594,20853.14785930557,570,20854.64672682033,94421,395800,311700,18200,19750,-36333.0,707500,-19600.0,0.0010113635407005,0.0010108524571599,0.0045908442540361,42.6986281233004,20802.641513254828,20765.12391303931,0.0071401022521833,0.7875189489641233,707500,-19600.0,-1550,0.0015480384031717,2,SIDEWAYS,,,,1910,,,False
2025-10-30 22:13:46.418223,20790.114669934213,20823.337982115045,20785.32975474558,20805.99864352468,2720,20807.236034854825,107697,403800,319700,16650,18250,13276.0,723500,16000.0,-0.0022610119152753,-0.0022635718621586,0.0048075269278688,44.49287644020669,20803.76055667812,20770.233254349983,0.004678614105148,0.79172857850421,723500,16000.0,-1600,0.0015538376873787,2,SIDEWAYS,,,,1911,,,False
2025-10-30 22:18:46.418223,20773.40591320334,20798.15663088192,20762.705015660948,20782.62415328568,4060,20786.70879719406,106725,406100,329600,16250,18300,-972.0,735700,12200.0,-0.001123449570457,-0.0011240811129731,0.0048095889095737,44.40721582760134,20796.715088880635,20771.782116716942,0.0022166146291833,0.8116227530164984,735700,12200.0,-2050,0.0015458200604688,2,SIDEWAYS,,,,1912,,,False
2025-10-30 22:23:46.418223,20749.080473332546,20758.39158184967,20745.1377657793,20756.97390756163,650,20756.03149495465,85710,398700,325800,16350,19400,-21015.0,724500,-11200.0,-0.0012342159264807,-0.0012349781982283,0.0046307280923322,43.91287094751425,20783.46802844097,20769.93109057253,0.0034952596907911,0.8171557562076749,724500,-11200.0,-3050,0.0015366494407087,2,SIDEWAYS,,,,1913,,,False
2025-10-30 22:28:46.418223,20729.97374156472,20730.85965808777,20725.778042771675,20730.596532110027,3450,20744.248189453327,127809,396800,323900,19100,16650,42099.0,720700,-3800.0,-0.0012707717208236,-0.0012715798358993,0.0045691250585734,43.00451336483148,20765.84419633065,20765.01427076472,0.0002930832834071,0.8162802419354839,720700,-3800.0,2450,0.0015460279118845,2,SIDEWAYS,,,,1914,,,False
2025-10-30 22:33:46.418223,20724.953223934743,20736.40401572438,20713.214561754343,20728.977098009087,1550,20739.14203982764,94440,412500,318300,18900,18650,-33369.0,730800,10100.0,-7.811806565383161e-05,-7.812111702776292e-05,0.0044612584421397,41.58915197948902,20753.5551635568,20760.509624170263,0.0018855443270591,0.7716363636363637,730800,10100.0,250,0.0015353412041958,2,SIDEWAYS,,,,1915,,,False
2025-10-30 22:38:46.418223,20710.4894401872,20731.817155363948,20693.94800030067,20723.42836921296,3320,20728.04901407681,101175,409600,315800,18850,18750,6735.0,725400,-5400.0,-0.0002676798169968,-0.0002677156496346,0.0044427118575002,41.32343791404547,20743.51289877552,20755.8744673006,0.0008045315418105,0.77099609375,725400,-5400.0,100,0.00153527420496,2,SIDEWAYS,,,,1916,,,False
2025-10-30 22:43:46.418223,20649.29871812946,20654.78001577046,20628.886498276424,20635.5382588268,1530,20634.395586871924,60356,398500,331400,17150,19450,-40819.0,729900,4500.0,-0.004241098954299,-0.0042501179237302,0.0050628211586152,45.12475455850913,20707.52135212595,20740.83244124137,-0.0029049570717661,0.8316185696361356,729900,4500.0,-2300,0.0016288336364928,1,TRANSITION,,,,1917,,,False
2025-10-30 22:48:46.418223,20672.684176654897,20681.554195651428,20662.305510329195,20669.072252229667,4100,20668.26248981256,73272,397600,323400,16650,16500,12916.0,721000,-8900.0,0.0016250602713754,0.0016237412896895,0.0051193205163128,45.18841043466046,20694.70498549386,20731.86241761492,-0.0022989942296547,0.8133802816901409,721000,-8900.0,150,0.0016427100363547,0,TRENDED_UP,,,,1918,,,False
2025-10-30 22:53:46.418223,20639.652604508487,20640.9233511328,20626.41247367698,20631.67982921477,1950,20630.59857220524,122542,404500,319100,16550,16650,49270.0,723600,2600.0,-0.0018091002130424,-0.0018107386111481,0.0051679776905126,45.00779387166232,20673.6966000675,20719.33959406489,-0.0028025042452143,0.7888751545117428,723600,2600.0,-100,0.0016385404720169,1,TRANSITION,,,,1919,,,False
2025-10-30 22:58:46.418223,20647.267363620373,20657.403598799177,20646.44234771193,20651.18160152742,840,20647.687232275417,99889,395100,316800,17000,17750,-22653.0,711900,-11700.0,0.0009452343422389,0.0009447878895709,0.005195544974501,43.63036356542992,20666.191600554142,20710.81984499771,-0.0013668698501229,0.8018223234624146,711900,-11700.0,-750,0.0016169834801748,0,TRENDED_UP,,,,1920,,,False
2025-10-30 23:03:46.418223,20711.81071692826,20729.16873251712,20708.48719558028,20724.550781349182,1620,20730.701947935864,88288,403000,321100,18500,18900,-11601.0,724100,12200.0,0.0035527836245619,0.0035464873971697,0.0055731914310922,46.08441838144914,20685.644660819155,20712.536212041643,0.0014851836227594,0.7967741935483871,724100,12200.0,-400,0.0016639636583897,1,TRANSITION,,,,1921,,,False
2025-10-30 23:08:46.418223,20683.47405753877,20704.714110336416,20667.08710640933,20677.30030645256,3570,20677.450602964585,88610,390500,321100,18100,18600,322.0,711600,-12500.0,-0.0022799275793783,-0.0022825305714384,0.0057294213447551,46.89722242133508,20682.863209363622,20708.13172384301,-0.000648569292211,0.8222791293213828,711600,-12500.0,-500,0.0016281748675814,0,TRENDED_UP,,,,1922,,,False
2025-10-30 23:13:46.418223,20605.32619278134,20613.697578101302,20573.2593788352,20580.69969218548,4480,20580.49665640125,110971,406600,314500,16750,17350,22361.0,721100,9500.0,-0.0046718194752405,-0.0046827665322677,0.006281357865658,50.97891564962254,20648.808703637576,20692.202719885816,-0.0040180893887309,0.7734874569601574,721100,9500.0,-600,0.0017139571644975,1,TRANSITION,,,,1923,,,False
2025-10-30 23:18:46.418223,20596.694239164644,20618.37532288317,20591.56858240077,20592.44904684249,4960,20591.53925039301,125207,389200,328900,16200,19750,14236.0,718100,-3000.0,0.0005708918954525,0.0005707289986691,0.0061600364760357,50.028681010199016,20630.02215137255,20679.7335107554,-0.0055208998460601,0.8450668036998972,718100,-3000.0,-3550,0.001691300383387,0,TRENDED_UP,,,,1924,,,False
2025-10-30 23:23:46.418223,20630.942842676897,20640.725804847847,20613.24450254864,20640.365754853665,1020,20650.708096758164,88765,406500,319000,19250,16100,-36442.0,725500,7400.0,0.0023269067172233,0.0023242036621482,0.0062481097869179,49.903543652710425,20633.470019199587,20674.81254126768,-0.0047558921741234,0.7847478474784748,725500,7400.0,3150,0.0017136461172224,1,TRANSITION,,,,1925,,,False
2025-10-30 23:28:46.418223,20691.84269140266,20711.63972105139,20682.232091079182,20697.40496809168,3960,20696.834291996296,121917,399600,313200,19400,18700,33152.0,712800,-12700.0,0.0027634788024335,0.0027596674150647,0.0064626956242328,51.43000240592573,20654.781668830285,20677.63659462068,-0.0015753122302968,0.7837837837837838,712800,-12700.0,700,0.0017340912634737,0,TRENDED_UP,,,,1926,,,False
2025-10-30 23:33:46.418223,20653.921929766868,20672.474919212567,20648.71581263279,20658.343792433705,1300,20670.340368369907,96798,411500,312800,16800,18450,-25119.0,724300,11500.0,-0.0018872499097444,-0.001889033009645,0.0064882898434427,51.23422762399469,20655.96904336476,20675.224994347307,-0.0048271713928658,0.7601458080194411,724300,11500.0,-1650,0.0017493079329911,1,TRANSITION,,,,1927,,,False
2025-10-30 23:38:46.418223,20669.52253832461,20670.82369911713,20665.876012984816,20666.62887439278,1530,20668.978501939284,110012,397200,311500,16650,17100,13214.0,708700,-15600.0,0.0004010525743167,0.0004009721742281,0.0064956410699843,48.46606184252534,20659.5223203741,20674.15047935299,-0.0041391308584414,0.7842396777442094,708700,-15600.0,-450,0.0017500873870919,0,TRENDED_UP,,,,1928,,,False
2025-10-30 23:43:46.418223,20655.30750637716,20664.097621366225,20622.598780657576,20642.098119793794,3710,20638.51621548043,64499,387900,320500,18200,18650,-45513.0,708400,-300.0,-0.0011869741672954,-0.0011876791790736,0.0064678829540431,48.14920697771667,20653.714253514,20670.143934408094,-0.0065789575400809,0.8262438772879608,708400,-300.0,-450,0.0017565707177496,1,TRANSITION,,,,1929,,,False
2025-10-30 23:48:46.418223,20652.231694729813,20670.193617647605,20649.772310231096,20657.552683590395,4180,20664.592371432995,67926,401000,320800,16750,16750,3427.0,721800,13400.0,0.0007486915189973,0.0007484113893134,0.0064126241309765,46.71679918315193,20654.993730206133,20668.57002805588,-0.0073466561774471,0.8,721800,13400.0,0,0.001753286342736,1,TRANSITION,,,,1930,,,False
2025-10-30 23:53:46.418223,20734.5191043996,20738.02277734653,20717.15702393739,20725.86988833529,2910,20735.531933573384,116401,401300,316300,19950,19600,48475.0,717600,-4200.0,0.0033071296387963,0.0033016731125545,0.0067065622419581,49.12774879550791,20678.61911624919,20675.73251059081,-0.0031011205217658,0.7881883877398455,717600,-4200.0,350,0.0017882149511398,0,TRENDED_UP,,,,1931,,,False
2025-10-30 23:58:46.418223,20688.0335859626,20716.758758545693,20685.7513772178,20710.625919250186,800,20709.4369224028,105498,405700,316400,17400,19400,-10903.0,722100,4500.0,-0.0007355044283899,-0.0007357750444718,0.0067092526432131,48.48423181850682,20689.28805058285,20680.094186673232,-0.0042289826117597,0.7798866157259059,722100,4500.0,-2000,0.0017805564445059,1,TRANSITION,,,,1932,,,False
2025-10-31 00:03:46.418223,20696.116106708992,20712.119367227555,20692.472682258463,20702.019748420906,3660,20706.552914284384,108073,392400,319800,16000,17700,2575.0,712200,-9900.0,-0.0004155437340636,-0.0004156300962865,0.0065004026416682,46.42440704354858,20693.53194986221,20682.834881891693,-0.0016729846747136,0.8149847094801224,712200,-9900.0,-1700,0.0017726303629498,0,TRENDED_UP,,,,1933,,,False
2025-10-31 00:08:46.418223,20710.847456496816,20710.855280096635,20701.47256446996,20704.834597286783,2410,20710.953680323026,78424,405700,320100,16800,19050,-29649.0,725800,13600.0,0.0001359697701037,0.0001359605270518,0.0064768469312864,43.77857194234327,20697.299499003733,20685.58484631608,-0.0005329020162549,0.7890066551639142,725800,13600.0,-2250,0.0017716065266834,1,TRANSITION,,,,1934,,,False
2025-10-31 00:13:46.418223,20744.81371969931,20751.92771604192,20732.45213975127,20738.47218316529,4060,20743.214867597148,91555,405600,320100,17950,19900,13131.0,725700,-100.0,0.0016246247088067,0.001623306433693,0.0064523393272997,44.01532528611417,20711.02372705759,20692.19576342223,0.0029122515076644,0.7892011834319527,725700,-100.0,-1950,0.0017689097501601,0,TRENDED_UP,,,,1935,,,False
2025-10-31 00:18:46.418223,20748.07038683668,20770.41326360633,20734.562162048984,20747.10618036624,4100,20748.4040512342,66555,397800,320000,16100,19400,-25000.0,717800,-7900.0,0.0004163275445121,0.0004162409042454,0.0064391105861203,43.432166448345,20723.051211493806,20699.059565540232,0.0024546082299465,0.8044243338360986,717800,-7900.0,-3300,0.0017645741315856,1,TRANSITION,,,,1936,,,False
2025-10-31 00:23:46.418223,20757.86736123041,20762.50655482769,20755.129548922847,20755.381586665364,2820,20765.02217310611,83051,394000,319000,18650,18150,16496.0,713000,-4800.0,0.0003988703883412,0.0003987908606948,0.0063012755719493,41.429895592138415,20733.828003217663,20706.099818180875,0.0004905613292989,0.8096446700507615,713000,-4800.0,500,0.0017595621502045,0,TRENDED_UP,,,,1937,,,False
2025-10-31 00:28:46.418223,20745.88371682956,20764.09628124556,20728.882874568524,20757.46856864864,1470,20760.05629726754,99542,398100,322600,17150,19650,16491.0,720700,7700.0,0.0001005513666207,0.0001005463116712,0.0061241781847527,40.98586066963096,20741.70819169465,20712.520911989348,-0.0019429992196353,0.8103491585028887,720700,7700.0,-2500,0.0017342500658561,1,TRANSITION,,,,1938,,,False
2025-10-31 00:33:46.418223,20754.467865476498,20773.56072969772,20745.04510189113,20756.402349678778,830,20756.782109603188,106556,390500,321900,17950,16000,7014.0,712400,-8300.0,-5.136555868245907e-05,-5.13668779369425e-05,0.0060408411491202,40.095129750842425,20746.60624435603,20718.006091700525,-0.0036327005191406,0.8243277848911652,712400,-8300.0,1950,0.0017170942475238,0,TRENDED_UP,,,,1939,,,False
2025-10-31 00:38:46.418223,20743.99389436695,20750.456554437085,20729.070535601608,20736.40541220453,2920,20729.57225086747,85741,400500,321700,19350,19900,-20815.0,722200,9800.0,-0.0009634105726686,-0.0009638749509175,0.0060212586946882,39.1834643455801,20743.2059669722,20720.306006763527,-0.0055983129208447,0.8032459425717853,722200,9800.0,-550,0.0017126418116196,1,TRANSITION,,,,1940,,,False
2025-10-31 00:43:46.418223,20763.5513731624,20785.670007358352,20740.609147340874,20783.17750430447,4880,20776.387071408724,111043,401900,320300,17350,16550,25302.0,722200,0.0,0.0022555544787146,0.0022530145343164,0.0060481039719607,39.90354511759735,20756.529812749624,20728.164943956144,-0.0010968538262071,0.7969644190097039,722200,0.0,800,0.0017365604253442,0,TRENDED_UP,,,,1941,,,False
2025-10-31 00:48:46.418223,20752.2504503533,20757.808217570306,20748.857514335665,20752.762079775795,1080,20758.25681268889,99234,403500,321600,16050,18550,-11809.0,725100,2900.0,-0.0014634636365096,-0.0014645355453453,0.0060717768338499,39.504719749826414,20755.27390175835,20731.239585933603,-0.0014368769453574,0.7970260223048327,725100,2900.0,-2500,0.0017393876029467,1,TRANSITION,,,,1942,,,False
2025-10-31 00:53:46.418223,20764.199934620443,20782.5520026037,20755.529588535053,20772.182104995187,3080,20775.856392974427,95481,404100,318000,17200,16800,-3753.0,722100,-3000.0,0.000935780266007,0.0009353426966125,0.0060551462666657,38.81080568397493,20760.90996950397,20736.3574008163,0.0007326789300445,0.7869339272457313,722100,-3000.0,400,0.0017113309070126,1,TRANSITION,,,,1943,,,False
2025-10-31 00:58:46.418223,20763.4961601758,20780.34840220617,20740.02679752573,20757.18170579987,660,20766.85939939576,101672,391300,315400,16500,17600,6191.0,706700,-15400.0,-0.0007221388258342,-0.0007223996936716,0.0060236084134498,38.91871989800821,20759.667214935936,20738.960438939248,0.0012824123825219,0.8060311781242013,706700,-15400.0,-1100,0.0016967778322238,0,TRENDED_UP,,,,1944,,,False
2025-10-31 01:03:46.418223,20798.80489282934,20823.29390066993,20777.19724752672,20802.58107837684,1270,20813.7954440894,141992,396900,321900,19450,16150,40320.0,718800,12100.0,0.0021871645785267,0.0021847762159392,0.0061453791998965,40.86111096744076,20773.971836082907,20746.913018868945,0.0035507772534912,0.8110355253212396,718800,12100.0,3300,0.0017044441328951,1,TRANSITION,,,,1945,,,False
2025-10-31 01:08:46.418223,20797.409535642004,20804.731103751,20797.066115674705,20800.644676590226,2550,20803.275311729125,96779,395500,314500,16200,17300,-45213.0,710000,-8800.0,-9.308468883351129e-05,-9.30890214814184e-05,0.0061424956033667,38.48995933235874,20782.86278291868,20753.629476084105,0.0037260392441618,0.7951959544879899,710000,-8800.0,-1100,0.0017019546258829,0,TRENDED_UP,,,,1946,,,False
2025-10-31 01:13:46.418223,20742.37872179965,20758.87309836957,20717.562294190004,20722.78081116563,3510,20732.822966488813,119044,400200,314000,16750,17200,22265.0,714200,4200.0,-0.0037433390471894,-0.0037503628746584,0.0060282804638606,41.67513240863468,20762.835459001,20749.77339296929,0.0042277817638951,0.784607696151924,714200,4200.0,-450,0.0017707218230021,1,TRANSITION,,,,1947,,,False
2025-10-31 01:18:46.418223,20781.886603616524,20808.74715884466,20780.09546520697,20802.827213026867,2150,20803.48138218727,110925,403500,326300,16100,16950,-8119.0,729800,15600.0,0.0038627249204945,0.003855283754552,0.0063393888616621,44.83879064223436,20776.16604367629,20756.40512047649,0.0064712609818649,0.8086741016109046,729800,15600.0,-850,0.0018345283517414,1,TRANSITION,,,,1948,,,False
2025-10-31 01:23:46.418223,20753.8790732288,20775.548949890475,20746.46234530744,20767.27201276305,3400,20770.4916261792,95036,404000,318200,17500,19850,-15889.0,722200,-7600.0,-0.0017091523137563,-0.0017106145809684,0.006328869857813,45.66208186203396,20773.20136670521,20757.76348201231,0.0065720379857912,0.7876237623762377,722200,-7600.0,-2350,0.0018404039556445,0,TRENDED_UP,,,,1949,,,False
2025-10-31 01:28:46.418223,20733.744104297533,20734.16836593137,20716.381685729582,20729.626431275337,4340,20732.66237880349,68994,401300,321300,17550,17350,-26042.0,722600,400.0,-0.0018127359946253,-0.0018143809887778,0.0064173344313157,46.03552794570773,20758.67638822859,20754.246350670182,0.0037985637462079,0.800647894343384,722600,400.0,200,0.0018550067598026,1,TRANSITION,,,,1950,,,False
2025-10-31 01:33:46.418223,20715.434098035767,20719.939094244182,20698.11141022568,20704.01709995243,1610,20717.96578476016,87455,397000,323500,19400,19250,18461.0,720500,-2100.0,-0.0012353976280184,-0.0012361613607421,0.0061330099704709,44.99834888170415,20740.45662546987,20747.96769433047,-0.000990790179888,0.8148614609571788,720500,-2100.0,150,0.0018602051379128,1,TRANSITION,,,,1951,,,False
2025-10-31 01:38:46.418223,20758.393858571,20766.0912449937,20757.33805335799,20762.001269005726,4620,20758.19049020708,101527,382300,324800,18000,19150,14072.0,707100,-13400.0,0.0028006240901641,0.0027967096493988,0.006190015231994,46.21804860738728,20747.63817331516,20749.72189116488,0.0040963259853965,0.8495945592466649,707100,-13400.0,-1150,0.0018945395450393,0,TRENDED_UP,,,,1952,,,False
2025-10-31 01:43:46.418223,20692.20743257915,20698.66846262669,20676.70884743536,20693.104415969254,4370,20697.6101593605,97904,400500,319200,17300,16050,-3623.0,719700,12600.0,-0.0033184109828239,-0.0033239291195616,0.0058744744758621,49.00907524760019,20729.460254199857,20742.644706765423,0.0054616570604961,0.797003745318352,719700,12600.0,1250,0.0019366035060362,1,TRANSITION,,,,1953,,,False
2025-10-31 01:48:46.418223,20790.0352971556,20796.91797261576,20786.783356497108,20793.73248215296,3660,20793.549278490533,125932,393700,314700,17000,18600,28028.0,708400,-11300.0,0.0048628791582401,0.0048510935539223,0.006449113683995,52.9236810618075,20750.884330184224,20749.03067868887,0.0097746234482649,0.7993395986791973,708400,-11300.0,-1600,0.0020178024503984,0,TRENDED_UP,,,,1954,,,False
2025-10-31 01:53:46.418223,20823.202813913496,20835.59240925252,20812.469292679696,20825.19744140125,4020,20827.49436713748,85329,400300,326900,19100,18450,-40603.0,727200,18800.0,0.0015131943856303,0.0015120506606454,0.0063806250888747,52.13341292164684,20775.655367256568,20758.55152402792,0.0089548648867388,0.816637521858606,727200,18800.0,650,0.0020172711517251,1,TRANSITION,,,,1955,,,False
2025-10-31 01:58:46.418223,20830.38510808489,20841.062402333064,20827.384878572408,20835.65770546726,1940,20837.688457608623,97063,397500,323700,18350,17100,11734.0,721200,-6000.0,0.0005022888304153,0.0005021627256063,0.0062151907352988,49.542809208087256,20795.65614666013,20768.18979670784,0.0066797135964009,0.8143396226415094,721200,-6000.0,1250,0.0020169470550787,0,TRENDED_UP,,,,1956,,,False
2025-10-31 02:03:46.418223,20828.878271680216,20852.95081904885,20824.38940931786,20843.951148797485,2050,20848.57056816036,110727,395700,326900,16650,17700,13664.0,722600,1400.0,0.0003980408704855,0.000397961673233,0.0060893915468717,48.04413781686589,20811.75448070592,20777.65996571904,0.0089846193977931,0.8261309072529694,722600,1400.0,-1050,0.0020103051282296,1,TRANSITION,,,,1957,,,False
2025-10-31 02:08:46.418223,20838.01021832268,20845.716335684945,20836.82700937991,20843.92928851944,2270,20856.520590332955,94437,408900,313000,17050,19300,-16290.0,721900,-700.0,-1.048758840771491e-06,-1.0487593904429104e-06,0.0060914239202807,45.247365566020754,20822.47941664376,20785.94363106909,0.0085790679846362,0.7654683296649547,721900,-700.0,-2250,0.0020097774554129,0,TRENDED_UP,,,,1958,,,False
2025-10-31 02:13:46.418223,20854.51386212664,20866.53282005045,20842.98675514356,20843.5688345504,3950,20859.63089098923,119473,411600,321400,18050,19150,25036.0,733000,11100.0,-1.7292995195483662e-05,-1.7293144720653686e-05,0.0060325074137614,43.697272661797,20829.50922261264,20793.14678150425,0.0097601858874709,0.7808551992225462,733000,11100.0,-1100,0.0020036954020861,1,TRANSITION,,,,1959,,,False
2025-10-31 02:18:46.418223,20874.91586648997,20901.852816600123,20870.976910589383,20889.13755894656,1850,20897.429950158497,78248,397000,321100,16200,17650,-41225.0,718100,-14900.0,0.0021862246699626,0.0021838383581851,0.0061214161781199,44.73918047522041,20849.385334723946,20805.145628684542,0.0112106636687958,0.808816120906801,718100,-14900.0,-1450,0.0020137287585198,0,TRENDED_UP,,,,1960,,,False
2025-10-31 02:23:46.418223,20892.52933698835,20914.5599748348,20878.480635838147,20909.667630937536,4670,20907.707560993786,69604,388300,317600,19700,17050,-8644.0,705900,-12200.0,0.0009828108955214,0.000982328253098,0.0058862227529115,44.120620369608446,20869.47943346181,20818.210878966165,0.0088680351460512,0.8179242853463816,705900,-12200.0,2650,0.0020125629712702,0,TRENDED_UP,,,,1961,,,False
2025-10-31 02:28:46.418223,20895.545830540337,20940.723900412428,20887.88838573049,20928.47780351857,3640,20931.56709711202,94271,403400,328500,18800,17050,24667.0,731900,26000.0,0.0008995921366632,0.0008991877461639,0.0058637600454484,44.7431128204891,20889.145556814063,20831.994244535214,0.010518845983592,0.8143282102131879,731900,26000.0,1750,0.0020148833761821,1,TRANSITION,,,,1962,,,False
2025-10-31 02:33:46.418223,20889.570399540324,20901.20674002213,20870.108521998725,20877.83574568992,670,20883.64355538233,98579,405000,309700,16700,19950,4308.0,714700,-17200.0,-0.0024197678543127,-0.0024227002239385,0.0060602698413193,45.71641058472879,20885.375619772683,20837.72443217955,0.0084926977853174,0.7646913580246913,714700,-17200.0,-3250,0.002001688994835,0,TRENDED_UP,,,,1963,,,False
2025-10-31 02:38:46.418223,20885.03973577237,20894.16534390183,20862.89121832138,20887.576036020248,4000,20889.2036590526,104362,402000,309200,17750,17150,5783.0,711200,-3500.0,0.0004665373580372,0.0004664285633211,0.0060605229448517,44.684818798708896,20886.109091855207,20843.95588265964,0.0088260274611133,0.7691542288557214,711200,-3500.0,600,0.0019967629844634,0,TRENDED_UP,,,,1964,,,False
2025-10-31 02:43:46.418223,20879.14341788821,20888.97812272877,20847.20951675381,20857.407199171164,4920,20859.84496093009,102769,401300,320500,18750,16450,-1593.0,721800,10600.0,-0.001444343603923,-0.0014453876735984,0.0060865060683162,44.47651788272692,20876.54179429386,20845.637297223577,0.0057349941189217,0.7986543732868179,721800,10600.0,2300,0.0019911534138358,1,TRANSITION,,,,1965,,,False
2025-10-31 02:48:46.418223,20914.89099917996,20926.40774769277,20889.94880266555,20920.675526335937,2040,20924.41304338341,91832,399700,305700,18700,19600,-10937.0,705400,-16400.0,0.0030333745014714,0.0030287831036481,0.0062978369038209,46.22823435693257,20891.253038307885,20855.01707586262,0.0083659544835197,0.764823617713285,705400,-16400.0,-900,0.0020237209052192,0,TRENDED_UP,,,,1966,,,False
2025-10-31 02:53:46.418223,20933.72988869646,20935.971371076463,20922.077085041103,20927.99195021309,3210,20937.02580363336,69840,395800,323200,17250,17400,-21992.0,719000,13600.0,0.0003497221620758,0.0003496610235345,0.0062975813454198,44.01877795576063,20903.49934227629,20864.13893515643,0.0083164148453249,0.8165740272865083,719000,13600.0,-150,0.0020035537193101,1,TRANSITION,,,,1967,,,False
2025-10-31 02:58:46.418223,20841.81166903575,20870.58801459457,20822.929098775865,20861.85571654142,3150,20869.346259894643,97625,406000,318300,16450,19550,27785.0,724300,5300.0,-0.003160180576761,-0.0031651844923654,0.0065965832575882,48.37906891872267,20889.618133698,20863.85353282955,0.0050288958669286,0.7839901477832513,724300,5300.0,-3100,0.0020233908542162,0,TRENDED_UP,,,,1968,,,False
2025-10-31 03:03:46.418223,20862.535624397216,20865.885720340262,20844.54233985721,20854.45540819361,4090,20854.80889744521,79215,409700,325500,19900,19000,-18410.0,735200,10900.0,-0.0003547291500985,-0.0003547920813655,0.0066022346219651,46.44794831617484,20877.89722519654,20862.678767250058,0.0047239910299943,0.7944837686111789,735200,10900.0,900,0.0020131633548503,1,TRANSITION,,,,1969,,,False
2025-10-31 03:08:46.418223,20868.83923807941,20885.38432206258,20818.49267361199,20851.213593447894,3810,20859.0922297418,101411,403100,311200,18500,19600,22196.0,714300,-20900.0,-0.0001554495038237,-0.0001554615873509,0.0065720742004707,47.90821261149019,20869.002681280326,20861.245620524787,0.0055365517292496,0.7720168692632101,714300,-20900.0,-1100,0.0020090396800242,0,TRENDED_UP,,,,1970,,,False
2025-10-31 03:13:46.418223,20868.46228483036,20880.358016258724,20862.11596592077,20863.54501003083,4550,20878.510606283045,77840,415900,321500,18100,17950,-23571.0,737400,23100.0,0.0005914004250962,0.0005912256167821,0.0064634639825987,46.56794191144305,20867.183457530497,20861.53304421304,0.0038669498785599,0.7730223611445058,737400,23100.0,150,0.001988257783663,1,TRANSITION,,,,1971,,,False
2025-10-31 03:18:46.418223,20856.512717974627,20865.242108483544,20824.015125535632,20835.91182506233,650,20830.621909375222,107584,401000,323000,16550,16400,29744.0,724000,-13400.0,-0.0013244721812719,-0.0013253500697967,0.0064523960159583,46.1864448426194,20856.759580041107,20858.3303918192,0.0040066833015719,0.8054862842892768,724000,-13400.0,150,0.0019904339938859,0,TRENDED_UP,,,,1972,,,False
2025-10-31 03:23:46.418223,20891.9189089176,20900.37848492523,20891.29314103399,20899.764863365646,610,20901.202790630214,133358,396400,325600,17700,19600,25774.0,722000,-2000.0,0.0030645665445039,0.0030598803321506,0.006651972388927,47.49217448692523,20871.09467448262,20863.509700762505,0.00614200076456,0.8213925327951564,722000,-2000.0,-1900,0.0020207042042932,1,TRANSITION,,,,1973,,,False
2025-10-31 03:28:46.418223,20921.84270682607,20926.51389010661,20883.257323292208,20900.24003549092,1240,20901.201309381857,85480,408700,312700,17450,17450,-47878.0,721400,-600.0,2.273576417621825e-05,2.273550572162719e-05,0.006630587245256,47.18963108174497,20880.80979481872,20868.100992603555,0.0068919919726422,0.7651088818204062,721400,-600.0,0,0.0020125512355836,0,TRENDED_UP,,,,1974,,,False
2025-10-31 03:33:46.418223,20897.81070059245,20900.19379121069,20896.94436248624,20898.10805116473,2610,20902.788704801857,74697,402900,319900,19450,16350,-10783.0,722800,1400.0,-0.0001020076478819,-0.0001020128510145,0.0065311197192958,44.05434836195455,20886.57588026739,20871.851874923705,0.0045920730907371,0.7939935467858029,722800,1400.0,3100,0.002012596648129,1,TRANSITION,,,,1975,,,False
2025-10-31 03:38:46.418223,20910.783456051588,20922.22353184172,20884.725514206213,20889.05911953787,2280,20881.807220483926,122890,398700,325200,16050,18700,48193.0,723900,1100.0,-0.0004330024327899,-0.0004330962054144,0.0065383015697189,43.58603902435106,20887.403626690888,20874.00278050048,0.0042505626302606,0.8156508653122648,723900,1100.0,-2650,0.0020132712733204,1,TRANSITION,,,,1976,,,False
2025-10-31 03:43:46.418223,20880.53730423982,20885.53822574205,20861.51502791405,20877.19330911177,1780,20889.893452422733,135340,396900,316600,16450,17250,12450.0,713500,-10400.0,-0.0005680394869962,-0.0005682008825473,0.0061406919797185,42.440185638598734,20884.00018749785,20874.40159657689,0.0074513405972493,0.7976820357772739,713500,-10400.0,-800,0.0019318858903671,0,TRENDED_UP,,,,1977,,,False
2025-10-31 03:48:46.418223,20837.57960608949,20863.68279480424,20822.87497560988,20854.701617661733,3320,20859.16530645775,75088,406600,324000,16350,16700,-60252.0,730600,17100.0,-0.0010773331030192,-0.0010779138434653,0.0058004920630398,43.28862477169105,20874.23399755248,20871.939099212497,0.0024936228188436,0.7968519429414658,730600,17100.0,-350,0.0019294813173344,1,TRANSITION,,,,1978,,,False
2025-10-31 03:53:46.418223,20818.208086686187,20844.643077629666,20810.03334259447,20821.962108111155,2440,20827.988817222733,98169,403400,316200,17400,16350,23081.0,719600,-11000.0,-0.0015698862611801,-0.0015711198238204,0.0057865043031231,43.38717122137473,20856.81003440537,20865.69197532483,0.0026334751774086,0.7838373822508676,719600,-11000.0,1050,0.0019256003399188,0,TRENDED_UP,,,,1979,,,False
2025-10-31 03:58:46.418223,20845.364195281047,20847.389671190354,20832.96155408745,20836.36427594315,3170,20841.671191951944,109735,402600,323500,19250,19400,11566.0,726100,6500.0,0.0006916815887578,0.0006914424872963,0.0056849224889814,42.10434206836224,20849.994781584635,20862.02601290212,0.0051490481520097,0.8035270740188774,726100,6500.0,-150,0.0019241119044919,1,TRANSITION,,,,1980,,,False
2025-10-31 04:03:46.418223,20875.396620431977,20876.934513266413,20854.348449543315,20875.070927828205,790,20876.011146229288,94794,395100,321400,18450,16600,-14941.0,716500,-9600.0,0.0018576490299579,0.0018559257338548,0.0057008533137962,41.99476315799804,20858.35349699916,20863.65662726788,0.008261866624722,0.8134649455833967,716500,-9600.0,1850,0.0018855045232495,0,TRENDED_UP,,,,1981,,,False
2025-10-31 04:08:46.418223,20891.678012756263,20901.935314590464,20875.45525627272,20891.86621410104,580,20900.42344628191,64967,407300,313300,16550,18650,-29827.0,720600,4100.0,0.00080456187818,0.000804238391769,0.0055143812192688,40.91402198687386,20869.52440269979,20867.18282562202,0.0062549338771682,0.769211883132826,720600,4100.0,-2100,0.0018607724271189,1,TRANSITION,,,,1982,,,False
2025-10-31 04:13:46.418223,20914.62222107623,20922.173866239893,20899.944771825,20919.564663643,3580,20923.78139949408,72541,405200,327800,18600,16850,7574.0,733000,12400.0,0.0013258006373439,0.001324922539716,0.005136933605813,40.15642414058672,20886.204489680866,20873.73055537464,0.010943754166677,0.8089832181638696,733000,12400.0,1750,0.0017536606640844,1,TRANSITION,,,,1983,,,False
2025-10-31 04:18:46.418223,20931.031311825693,20935.209440729184,20915.850200135268,20916.72643422536,4940,20907.828469664128,74644,391900,318700,17450,18250,2103.0,710600,-22400.0,-0.0001356734455651,-0.0001356826500398,0.00440604559064,38.67091103011025,20896.378471195698,20879.10504023098,0.0059149530839623,0.8132176575657055,710600,-22400.0,-800,0.0017539936432172,0,TRENDED_UP,,,,1984,,,False
2025-10-31 04:23:46.418223,20911.109801464867,20943.37030806114,20887.5425822687,20917.30542112896,3590,20920.810134675365,79197,395500,320000,16400,16650,4553.0,715500,4900.0,2.768056968283084e-05,2.7680186581946487e-05,0.0043377129811812,39.89639779884822,20903.35412117345,20883.880087843227,0.0044229102742907,0.809102402022756,715500,4900.0,-250,0.0017331276406689,1,TRANSITION,,,,1985,,,False
2025-10-31 04:28:46.418223,20924.87140847192,20927.749848725893,20894.462789645087,20896.5768849072,2140,20899.016106958097,101737,401300,322500,17850,19050,22540.0,723800,8300.0,-0.0009909754533113,-0.0009914667941171,0.0043800199080201,39.42430217613087,20901.09504241804,20885.467187476224,0.0029237944057776,0.8036381759282333,723800,8300.0,-1200,0.001707507866322,1,TRANSITION,,,,1986,,,False
2025-10-31 04:33:46.418223,20950.2186965691,20953.547276680543,20941.70167758222,20943.62058700629,2420,20952.18699918489,121954,407600,324600,16050,17100,20217.0,732200,8400.0,0.0022512635614049,0.0022487332644587,0.0045468053399601,40.67759429021739,20915.270223947457,20892.736362417483,0.0047816960180582,0.796368989205103,732200,8400.0,-1050,0.0017069225463547,1,TRANSITION,,,,1987,,,False
2025-10-31 04:38:46.418223,20974.14570422488,20975.368271573338,20953.90741361321,20969.025140867303,4750,20990.212745589142,72850,385300,318800,16650,19350,-49104.0,704100,-28100.0,0.0012129972349084,0.001212262148142,0.0045849362996534,40.03974359570516,20933.188529587405,20902.27245972371,0.0060015484900326,0.8274072151570205,704100,-28100.0,-2700,0.0017115184648878,0,TRENDED_UP,,,,1988,,,False
2025-10-31 04:43:46.418223,21011.793857551613,21029.708324640065,21001.85601882688,21018.447523908544,3540,21025.032720874708,84281,393100,327000,16750,19850,11431.0,720100,16000.0,0.0023569232574822,0.0023541500704666,0.004743965274041,41.51427503692353,20961.60819436112,20916.794342746816,0.0083900550211086,0.8318494021877385,720100,16000.0,-3100,0.0017224137212649,1,TRANSITION,,,,1989,,,False
2025-10-31 04:48:46.418223,21034.340164926776,21050.422831371005,21024.315448141428,21034.578177453488,3090,21052.16181357116,77800,390500,319500,18300,18650,-6481.0,710000,-10100.0,0.0007674521882072,0.0007671578473615,0.0046196651928773,40.83292021017617,20985.931522058578,20931.51732208515,0.0069624999163568,0.8181818181818182,710000,-10100.0,-350,0.0017224979298793,0,TRENDED_UP,,,,1990,,,False
2025-10-31 04:53:46.418223,21045.64226536604,21066.32545843833,21022.55431495892,21030.851776759595,2410,21030.72836921575,105768,398900,317900,18100,16400,27968.0,716800,6800.0,-0.0001771559506663,-0.0001771716446352,0.0046035351791279,41.0427933008358,21000.904940292254,20943.934128919456,0.0057956036394741,0.7969415893707696,716800,6800.0,1700,0.0016777655788254,1,TRANSITION,,,,1991,,,False
2025-10-31 04:58:46.418223,21079.66318874988,21085.851284828703,21062.65291333272,21069.281527082152,1280,21069.56307272135,83561,390900,319400,18350,19300,-22207.0,710300,-6500.0,0.00182730356005,0.0018256360719277,0.0046810634736267,42.03970149856952,21023.697135888888,20959.6025536898,0.006727853066309,0.8170887695062676,710300,-6500.0,-950,0.0016849984004752,0,TRENDED_UP,,,,1992,,,False
2025-10-31 05:03:46.418223,21079.035405911625,21098.351868052123,21071.58705741556,21081.129397389475,2280,21083.78709171256,79785,398500,324300,19050,17700,-3776.0,722800,12500.0,0.0005623291089491,0.0005621710611833,0.0044152466394806,41.113318603669605,21042.84122305575,20974.79340915225,0.0097372952913248,0.813801756587202,722800,12500.0,1350,0.0016828230260208,1,TRANSITION,,,,1993,,,False
2025-10-31 05:08:46.418223,21051.38075242248,21055.85239564864,21036.93804772976,21050.548514063143,1400,21057.443782099555,68058,414200,319300,17000,18550,-11727.0,733500,10700.0,-0.0014506283202322,-0.0014516815001321,0.0045283715049187,41.333177964815725,21045.410320058218,20984.26279726612,0.0078023643223057,0.7708836310960888,733500,10700.0,-1550,0.0016978997843123,1,TRANSITION,,,,1994,,,False
2025-10-31 05:13:46.418223,21046.442668371827,21051.73058389456,21039.466063856333,21040.348417186167,4930,21040.51293599598,127194,400100,317300,18750,18050,59136.0,717400,-16100.0,-0.00048455254599,-0.000484669979512,0.0044389460401643,39.25684525577378,21043.72301910087,20991.273499756124,0.0087710431247789,0.7930517370657336,717400,-16100.0,700,0.0016913450611108,0,TRENDED_UP,,,,1995,,,False
2025-10-31 05:18:46.418223,21023.149705744858,21032.5128790992,21006.741333223697,21018.09538537461,2640,21012.13562182633,143791,390800,338300,18300,19550,16597.0,729100,11700.0,-0.0010576360890193,-0.001058195780736,0.0041960943798963,38.85329087768065,21035.18047452545,20994.62623545844,0.0046566306578406,0.8656601842374616,729100,11700.0,-1250,0.001699445494581,1,TRANSITION,,,,1996,,,False
2025-10-31 05:23:46.418223,21002.07894261557,21024.37780783291,20989.71484541978,21009.389430232408,1280,21013.7366207484,101683,400500,319100,16000,18050,-42108.0,719600,-9500.0,-0.0004142123718907,-0.0004142981815302,0.0042067695100363,38.55398170164113,21026.583459761103,20996.47163480518,0.0038894070779917,0.7967540574282147,719600,-9500.0,-2050,0.0017012063974069,0,TRENDED_UP,,,,1997,,,False
2025-10-31 05:28:46.418223,20997.73662357194,20998.4645853019,20987.854315800585,20992.3014374234,4640,20989.30167551817,129711,396700,328300,18750,18750,28028.0,725000,5400.0,-0.0008133502815849,-0.0008136812303902,0.0037790602213458,37.33834832522554,21015.156118981875,20995.950360132458,0.0062528340074057,0.8275775144945803,725000,5400.0,0,0.0017062239601012,1,TRANSITION,,,,1998,,,False
2025-10-31 05:33:46.418223,20973.002642711297,20982.047706102443,20966.94956282061,20972.078873764385,1520,20983.29366567736,88661,404500,320500,17900,18550,-41050.0,725000,0.0,-0.0009633323777908,-0.0009637966806348,0.0038252525825969,36.48217163076594,21000.797037242715,20992.96642433645,0.0056402079684401,0.792336217552534,725000,0.0,-650,0.0017124437526395,1,TRANSITION,,,,1999,,,False
2025-10-31 05:38:46.418223,20963.5261973398,21004.05654451936,20957.88723384852,20986.270958595192,1600,20994.521943825606,99982,391700,321100,16450,16000,11321.0,712800,-12200.0,0.0006767133061167,0.0006764844389142,0.0038295807713995,37.17411013362869,20995.95501102688,20992.129491118787,0.0064771944588268,0.8197600204237937,712800,-12200.0,450,0.0017070832344555,0,TRENDED_UP,,,,2000,,,False
2025-10-31 05:43:46.418223,20904.27446484474,20912.847646434315,20884.52206608166,20889.39393854861,3630,20888.812013803246,113025,387200,328200,16700,17300,13043.0,715400,2600.0,-0.0046162093417033,-0.0046268969395235,0.0047120259233697,41.78659458933614,20960.43465353412,20979.28754704752,0.0012389518897844,0.8476239669421488,715400,2600.0,-600,0.0017955873241382,1,TRANSITION,,,,2001,,,False
2025-10-31 05:48:46.418223,20911.172770843103,20919.718186459635,20890.984943332744,20891.810669190912,2960,20898.845727770506,84964,393100,317100,19050,17700,-28061.0,710200,-5200.0,0.0001156917548403,0.000115685063065,0.0046425438638256,40.967855540885466,20937.559992086382,20968.35293731544,0.002682812472903,0.8066649707453574,710200,-5200.0,1350,0.0017840264956581,0,TRENDED_UP,,,,2002,,,False
2025-10-31 05:53:46.418223,20911.41969588404,20929.59222746044,20908.406820038083,20919.61268205901,2830,20920.35642515312,96810,396600,318600,16350,17350,11846.0,715200,5000.0,0.00133076128768,0.0013298766096543,0.0043666739368627,40.740262878645744,20931.5775554106,20962.260405408382,0.0009496670810951,0.8033282904689864,715200,5000.0,-1000,0.0017878382521732,1,TRANSITION,,,,2003,,,False
2025-10-31 05:58:46.418223,20886.014529948425,20898.73912768456,20877.016898702183,20878.927455529007,1310,20882.77632628889,94342,397100,325300,16850,16500,-2468.0,722400,7200.0,-0.0019448365105201,-0.0019467301606717,0.0045101558860359,40.87280005565904,20914.02752211673,20951.843786673464,-0.0010197289564962,0.8191891211281793,722400,7200.0,350,0.0018045005806496,0,TRENDED_UP,,,,2004,,,False
2025-10-31 06:03:46.418223,20906.88733486649,20929.90596338282,20893.19743397408,20903.560656797366,1810,20907.48004439209,108754,414300,321200,19350,18200,14412.0,735500,13100.0,0.0011798116220684,0.0011791161912686,0.0045625447938196,41.59463632695565,20910.53856701028,20945.80839543895,0.0002609138405871,0.7752836109099687,735500,13100.0,1150,0.0017893913862743,1,TRANSITION,,,,2005,,,False
2025-10-31 06:08:46.418223,20936.51989375448,20940.24755788443,20927.24089217708,20928.34254572904,2840,20930.42095706261,101241,411900,325500,16800,16300,-7513.0,737400,1900.0,0.0011855343373576,0.0011848321464515,0.0046029663364685,41.2440838098206,20916.4732265832,20943.625164225214,0.001880574226267,0.7902403495994174,737400,1900.0,500,0.001794884627742,1,TRANSITION,,,,2006,,,False
2025-10-31 06:13:46.418223,20886.3045115604,20887.448784254066,20882.01881867367,20883.591379134294,3270,20892.97237114892,85451,400500,321700,17950,16150,-15790.0,722200,-15200.0,-0.0021383043830137,-0.0021405938200889,0.0047601753298709,41.60691547021692,20905.5126107669,20936.12094108885,0.0003064621727542,0.8032459425717853,722200,-15200.0,1800,0.0017477363440837,0,TRENDED_UP,,,,2007,,,False
2025-10-31 06:18:46.418223,20862.631048052943,20883.65337619628,20846.95229201559,20879.305903477405,4360,20876.47155626361,93982,400200,319700,16300,16050,8531.0,719900,-2300.0,-0.0002052077910875,-0.0002052288490865,0.0047188849169867,41.256498949536265,20896.7770416704,20929.019061387426,0.0011797956291466,0.7988505747126436,719900,-2300.0,250,0.0016782292118479,1,TRANSITION,,,,2008,,,False
2025-10-31 06:23:46.418223,20838.7838145641,20847.16211111561,20828.409291117685,20847.141505334428,3840,20854.669258787457,122294,407800,323100,19200,18800,28312.0,730900,11000.0,-0.001540491733378,-0.0015416795107672,0.0047155323257432,41.94507847883512,20880.231862891746,20918.7843668808,0.0012092711096358,0.7923001471309465,730900,11000.0,400,0.0016753455375208,1,TRANSITION,,,,2009,,,False
2025-10-31 06:28:46.418223,20809.632954350232,20834.56037361792,20800.46179841055,20818.60423175372,1480,20824.66991396041,110977,403000,321300,16750,17900,-11317.0,724300,-6600.0,-0.0013688818475858,-0.0013698196222406,0.0047660321208795,42.28326622490962,20859.68931917908,20906.26184998991,-0.000852358115563,0.7972704714640199,724300,-6600.0,-1150,0.0016678638962939,0,TRENDED_UP,,,,2010,,,False
2025-10-31 06:33:46.418223,20835.74902531272,20849.761217424013,20820.05477962745,20820.99494956404,4800,20816.385757159715,109236,399900,328700,16100,16350,-1741.0,728600,4300.0,0.0001148356433362,0.0001148290502275,0.0046360523852408,41.48853189957977,20846.791195974063,20895.60348743668,-0.0025904572229298,0.821955488872218,728600,4300.0,-250,0.0016590083735743,1,TRANSITION,,,,2011,,,False
2025-10-31 06:38:46.418223,20829.90043463272,20838.86822410296,20805.79091565169,20817.911225774045,870,20817.113351533248,145120,403100,310200,17100,18800,35884.0,713300,-15300.0,-0.0001481064568462,-0.0001481174256898,0.0046062016586679,40.887730224700455,20837.164539240723,20885.89195472885,-0.003539893830886,0.7695360952617216,713300,-15300.0,-1700,0.0016208131858662,0,TRENDED_UP,,,,2012,,,False
2025-10-31 06:43:46.418223,20821.84556472563,20836.183289112923,20782.66466709507,20792.28813602868,2100,20789.62331802349,77381,399700,320600,16400,16350,-67739.0,720300,7000.0,-0.0012308194356043,-0.0012315775159503,0.0045672819708918,41.78993678135434,20822.205738170043,20874.191477391327,-0.0060840906424559,0.8021015761821366,720300,7000.0,50,0.0015687781952302,1,TRANSITION,,,,2013,,,False
